-270.829,-199.135,-211.448,-358.607,-277.804,-40.246,-46.880,-140.738,121.738,-30.721,106.886,108.671,192.616,-132.421,-66.545,-169.367,228.163,108.084,153.027,-1.723,350.869,197.681,267.832,34.174,8.781,-230.190,-171.605,-102.881,-328.586,-200.964,-330.540,-392.700,-417.949,-55.317,60.557,123.497,90.433,256.952,299.213,-26.468,0.267,-165.954,-62.621,64.931,82.530,137.807,230.072,73.479,189.120,119.081,13.637,-18.856,15.511,-293.145,-407.128,-483.177,-357.099,-308.158,-257.963,-39.174,79.888,150.648,-0.060,55.051,2.958,-160.700,-145.051,-64.763,-20.932,227.812,296.657,161.363,145.620,172.686,111.529,71.416,47.485,118.943,55.287,-113.143,-20.100,174.596,228.266,314.117,433.873,422.867,332.912,492.207,650.740
-173.455,-40.824,25.493,-0.535,33.980,270.570,215.931,218.545,357.010,167.892,234.234,172.209,309.487,79.490,104.748,-228.151,117.068,93.411,199.593,133.007,487.642,304.038,332.170,-29.189,83.340,-119.555,-192.956,-145.940,-319.674,-59.561,-139.722,-229.532,-388.957,-99.830,75.088,84.584,47.210,167.150,189.324,-189.897,-205.438,-422.831,-222.275,-144.171,-78.086,-21.364,124.430,-119.113,-71.140,-172.883,-214.053,-169.949,-146.658,-427.628,-591.213,-539.817,-431.402,-334.388,-343.006,-88.551,155.205,200.500,126.390,180.190,154.652,6.910,54.399,139.103,335.320,600.358,631.411,480.652,495.254,592.192,638.922,642.594,632.247,750.307,670.327,426.254,495.995,650.963,672.425,789.660,951.837,907.072,918.159,956.065,1021.194
-29.196,96.863,198.355,232.435,193.330,390.287,289.002,388.747,434.347,249.027,216.132,112.327,296.332,268.214,205.232,-224.489,1.154,61.650,225.772,272.164,546.941,411.986,388.941,33.514,196.913,49.106,-137.228,-82.162,-164.682,190.381,214.122,125.007,-123.072,2.057,167.903,123.463,97.429,124.569,106.730,-197.935,-219.681,-417.542,-140.092,-107.523,25.059,43.078,206.816,-113.464,-128.725,-268.982,-253.900,-159.773,-137.558,-284.048,-446.494,-389.444,-331.496,-217.147,-286.745,-94.470,157.915,182.685,203.904,255.586,248.257,201.915,294.716,364.471,596.502,789.855,780.659,654.714,694.601,853.517,986.347,1133.584,1108.679,1263.713,1236.129,991.208,997.052,1106.339,1098.089,1221.949,1335.618,1316.749,1430.216,1409.219,1349.049
62.922,108.854,189.824,197.149,72.734,216.716,86.337,237.937,236.083,98.619,-18.378,-136.054,78.875,294.628,119.716,-236.930,-128.590,-35.379,180.337,339.932,470.634,454.108,412.371,197.056,290.614,203.829,-24.566,78.652,102.990,437.730,558.693,510.746,246.727,187.812,308.313,222.958,222.244,127.219,50.393,-87.940,-56.867,-197.209,108.577,113.103,310.428,274.492,403.454,58.363,0.328,-144.527,-88.420,5.681,49.569,82.340,-28.123,-72.562,-67.741,45.862,-54.768,-20.463,128.464,128.291,221.334,278.783,252.415,349.376,473.564,514.374,654.206,724.247,660.022,589.118,621.123,803.373,953.015,1282.687,1215.522,1383.811,1444.249,1268.872,1205.253,1299.778,1249.572,1340.517,1343.045,1385.139,1555.885,1571.606,1381.834
84.750,3.868,23.553,-61.031,-263.898,-168.923,-315.165,-187.137,-208.646,-286.890,-439.472,-548.284,-322.562,89.876,-173.342,-335.942,-286.402,-218.444,33.418,275.322,242.694,366.305,356.844,353.089,288.729,257.447,88.641,262.200,394.373,581.908,735.161,753.049,546.452,366.807,437.904,342.798,365.929,151.098,18.965,58.184,189.834,106.701,385.681,384.257,621.880,548.459,590.808,303.738,222.795,130.020,209.755,256.317,343.404,521.603,492.123,309.827,282.153,392.769,302.860,134.027,127.676,88.519,206.238,265.816,176.034,391.936,514.539,520.516,502.088,443.588,315.542,301.552,280.408,425.353,513.854,975.086,854.223,1013.348,1157.930,1074.299,981.802,1103.939,998.246,1033.425,923.847,1012.658,1175.221,1295.256,1002.304
100.603,-105.680,-158.328,-347.780,-608.366,-554.881,-718.298,-685.778,-726.783,-786.215,-916.509,-1005.618,-784.039,-292.932,-574.288,-524.927,-464.914,-451.935,-193.078,72.550,-87.464,137.554,196.954,386.160,162.189,173.333,152.636,378.055,610.722,591.607,691.056,763.450,656.998,469.957,497.543,435.117,462.184,165.567,10.656,157.359,394.522,345.269,555.097,563.521,801.873,726.933,655.249,509.408,411.447,411.849,498.469,477.729,616.205,857.636,904.527,633.874,599.665,716.312,667.183,328.648,200.029,111.684,210.340,243.216,66.443,323.823,410.682,384.325,240.930,81.864,-96.523,-88.172,-191.182,-142.479,-157.696,313.057,149.807,288.281,484.434,453.503,398.790,572.324,416.238,413.356,248.525,329.858,437.334,659.274,316.182
194.106,-87.597,-198.307,-453.295,-745.075,-731.033,-920.243,-1015.811,-1088.430,-1205.580,-1270.763,-1343.053,-1129.259,-696.254,-907.707,-726.920,-624.229,-652.129,-423.535,-203.804,-412.421,-164.020,-36.547,257.721,-32.795,5.101,162.739,378.446,691.743,516.363,505.417,587.128,572.869,480.365,457.671,463.355,466.382,150.128,18.315,162.973,457.015,418.387,539.083,558.336,756.511,712.176,540.242,583.236,459.886,546.569,624.882,555.783,736.134,964.911,1054.990,799.848,774.150,907.637,904.282,498.138,345.022,217.742,278.043,238.531,-8.625,202.289,234.512,184.622,29.558,-192.986,-385.541,-415.423,-588.294,-666.282,-769.077,-424.857,-601.718,-486.524,-280.238,-332.326,-297.661,-84.532,-258.608,-242.994,-386.446,-371.026,-318.921,-66.902,-393.615
387.775,110.180,-36.745,-291.005,-588.877,-617.254,-830.324,-1027.748,-1129.939,-1371.953,-1357.277,-1426.326,-1216.635,-938.547,-1016.724,-827.806,-706.897,-730.487,-560.338,-441.095,-606.968,-411.567,-254.247,40.525,-173.544,-122.231,165.136,288.966,640.217,446.109,332.234,368.450,391.461,430.019,335.299,417.044,377.349,104.306,26.793,79.742,346.450,311.484,344.673,358.094,486.997,482.007,263.379,483.772,325.766,440.909,498.084,429.223,628.378,816.916,908.327,769.405,750.861,903.722,928.958,581.039,512.651,383.268,415.517,271.187,10.299,125.026,105.455,42.784,5.531,-252.433,-417.473,-544.016,-730.700,-922.391,-1049.275,-916.555,-1073.761,-985.711,-801.546,-933.997,-810.883,-600.533,-745.240,-645.568,-719.010,-794.721,-752.330,-570.643,-821.204
604.664,411.277,240.175,46.753,-237.866,-309.682,-520.957,-743.854,-843.587,-1219.005,-1135.967,-1218.713,-1015.096,-913.552,-851.878,-749.818,-671.162,-646.579,-534.487,-530.379,-584.470,-481.179,-347.408,-121.893,-141.270,-83.665,224.556,191.657,512.534,447.827,300.048,257.696,243.897,369.594,187.599,315.968,237.489,47.060,18.410,-47.264,111.629,91.230,53.306,30.848,80.164,96.530,-97.875,230.675,45.454,111.328,138.872,124.366,314.772,486.336,552.918,577.602,554.019,714.259,743.930,546.454,625.960,546.920,579.515,344.953,145.943,180.462,128.647,60.282,215.401,-61.007,-174.370,-420.134,-543.043,-797.962,-877.513,-951.983,-1065.102,-1017.217,-869.880,-1086.017,-937.368,-779.822,-860.051,-643.813,-654.084,-798.370,-704.208,-666.188,-807.921
702.671,647.446,449.523,348.528,88.868,-18.900,-182.762,-339.166,-383.138,-820.988,-695.732,-802.843,-625.398,-651.565,-502.382,-508.169,-521.624,-437.619,-347.668,-422.183,-341.664,-321.928,-249.043,-106.363,99.699,164.335,375.069,171.832,384.085,521.903,432.023,318.526,212.986,333.733,84.463,201.239,111.235,7.573,-14.708,-159.365,-144.119,-132.033,-218.019,-309.409,-331.847,-324.214,-440.048,-104.331,-283.970,-318.386,-322.244,-249.599,-90.882,102.131,148.726,314.425,272.671,414.556,434.456,406.120,619.245,636.050,695.331,444.276,369.105,395.658,336.638,261.381,589.937,312.551,245.187,-85.579,-83.367,-337.723,-334.527,-530.642,-591.658,-603.227,-492.946,-733.468,-657.154,-583.085,-599.558,-295.840,-295.897,-455.358,-274.120,-387.924,-426.145
562.395,657.931,426.135,417.639,186.299,59.433,-12.125,-38.928,17.714,-356.955,-217.790,-345.696,-232.840,-306.151,-150.746,-212.811,-316.520,-204.842,-80.765,-156.432,32.295,7.440,20.069,106.421,466.200,544.853,587.565,262.854,310.459,605.774,635.620,493.652,288.748,323.891,73.931,116.549,52.997,12.377,-60.209,-211.467,-310.444,-255.337,-366.606,-549.474,-623.401,-644.114,-671.251,-421.921,-546.164,-672.745,-702.558,-547.797,-433.567,-211.600,-151.945,83.717,16.417,109.103,123.348,207.541,472.354,603.373,696.751,537.596,606.268,712.003,666.439,573.998,976.961,729.409,680.162,349.080,489.153,283.094,346.254,147.680,130.370,47.472,124.732,-50.782,-129.272,-134.053,-125.564,179.796,129.614,3.451,252.574,44.446,71.645
171.865,389.122,129.301,194.100,-13.874,-138.531,-98.578,6.385,168.210,-24.128,105.326,-23.888,-15.344,-72.087,23.860,-11.292,-144.377,-62.781,139.234,151.282,389.678,359.951,350.817,410.587,791.219,892.015,777.058,423.556,304.264,619.777,765.225,647.656,385.472,316.547,158.324,87.865,80.922,73.729,-87.330,-188.130,-318.589,-226.197,-345.774,-619.889,-719.280,-762.272,-740.042,-628.385,-652.736,-807.866,-854.060,-659.218,-591.192,-385.127,-270.875,-42.407,-136.094,-114.694,-87.588,13.445,223.783,455.048,566.801,589.098,769.834,1006.487,986.723,862.177,1214.967,1042.700,984.013,753.446,987.245,842.350,897.098,789.504,796.482,652.836,695.316,652.087,397.909,351.067,330.365,533.886,407.865,328.743,575.712,362.340,404.161
-348.794,-68.002,-325.762,-210.408,-406.687,-509.961,-377.473,-202.362,16.918,54.864,156.160,53.974,-55.986,-79.959,-61.020,-5.943,-81.507,-80.019,199.311,362.170,586.347,571.455,594.682,631.326,912.356,1037.402,846.853,561.507,336.043,522.219,714.877,656.403,404.493,286.885,293.167,111.164,169.283,182.471,-64.407,-105.446,-171.126,-62.856,-183.703,-519.698,-617.544,-653.730,-649.342,-668.615,-577.594,-681.228,-735.954,-563.613,-535.170,-421.216,-227.556,-53.133,-169.583,-219.439,-158.507,-121.720,-43.843,253.580,355.283,575.788,798.815,1151.356,1162.694,994.693,1209.885,1158.602,1084.777,1024.746,1272.274,1167.574,1139.374,1151.338,1159.147,991.827,988.405,1082.408,709.506,670.047,584.227,617.923,442.603,385.890,545.026,400.984,418.898
-802.278,-525.565,-730.662,-582.315,-781.052,-849.844,-672.901,-524.307,-329.463,-115.622,-57.727,-109.253,-306.474,-326.484,-352.532,-195.537,-153.909,-245.064,57.109,379.620,543.076,543.106,636.443,625.041,761.688,900.954,742.348,586.351,354.234,335.983,481.312,484.235,299.443,228.944,408.746,154.384,262.273,306.991,15.992,-2.607,58.393,153.539,27.047,-315.317,-386.288,-382.652,-453.917,-547.967,-365.640,-372.154,-434.517,-344.151,-344.961,-379.457,-113.841,1.268,-129.841,-222.917,-116.158,-168.294,-238.553,90.981,160.308,501.946,690.119,1081.503,1124.469,912.768,976.222,1069.534,1001.806,1116.316,1300.137,1199.475,1050.001,1144.510,1131.666,991.332,926.680,1096.358,716.889,722.057,575.050,443.267,279.433,206.745,224.181,178.469,162.367
-1017.372,-801.477,-900.876,-733.181,-944.383,-971.953,-802.078,-765.360,-671.195,-416.155,-413.583,-408.704,-619.340,-679.042,-697.575,-476.924,-324.986,-475.904,-235.723,194.227,277.236,289.596,450.495,362.410,402.610,532.484,481.007,459.716,311.146,129.834,159.513,200.509,102.217,157.903,442.440,172.817,301.003,399.234,120.551,71.105,255.166,310.885,166.061,-113.979,-136.639,-79.096,-242.266,-332.770,-112.858,-41.685,-118.613,-145.779,-166.487,-339.155,-37.396,39.702,-89.854,-176.552,-24.916,-126.141,-297.228,44.051,80.908,401.870,502.954,831.866,901.826,659.234,623.006,846.570,817.887,1041.324,1120.400,996.942,744.451,851.774,803.395,730.341,596.052,747.240,479.481,536.848,366.497,143.944,45.236,-59.901,-173.686,-138.683,-172.419
-938.312,-814.258,-775.209,-604.265,-827.011,-812.002,-677.947,-786.427,-824.563,-678.308,-736.146,-691.728,-828.459,-950.347,-928.172,-705.268,-515.451,-665.933,-556.649,-114.161,-108.908,-72.934,110.247,-55.245,-8.365,80.139,140.705,212.280,182.560,-30.789,-122.008,-71.721,-104.088,94.478,365.221,130.282,249.597,407.965,181.630,70.481,310.592,311.252,135.101,-20.506,19.471,115.057,-105.981,-124.963,74.616,148.664,47.072,-98.244,-133.482,-359.216,-64.292,-3.445,-103.861,-131.276,55.682,-18.620,-209.440,135.044,165.296,326.670,331.703,522.100,606.302,352.892,294.183,597.660,627.901,856.310,836.429,689.271,396.138,457.617,369.375,373.377,178.801,236.048,154.996,240.212,87.960,-121.493,-145.839,-256.224,-427.940,-352.259,-379.278
-646.694,-614.747,-439.808,-287.869,-506.761,-453.838,-351.117,-571.378,-713.477,-767.996,-880.283,-827.833,-832.168,-999.644,-947.072,-775.616,-643.310,-738.572,-770.570,-417.173,-475.602,-390.598,-252.426,-453.946,-310.596,-293.180,-184.422,-79.149,-25.013,-128.054,-280.827,-237.777,-243.791,44.717,190.105,15.530,108.258,297.383,128.431,-31.284,169.101,113.718,-97.132,-92.779,13.156,110.019,-103.816,-17.242,126.776,118.577,-13.512,-243.216,-291.553,-450.691,-187.608,-138.385,-174.194,-109.257,102.655,119.688,-16.811,320.009,383.657,319.820,259.861,295.286,370.902,123.229,96.594,413.890,493.326,634.343,551.069,406.096,142.845,139.963,21.115,79.060,-144.692,-199.454,-87.470,-18.066,-140.823,-261.643,-255.094,-308.019,-437.100,-353.200,-364.137
-304.990,-340.865,-67.894,40.210,-147.201,-69.275,28.814,-221.242,-396.357,-643.465,-792.612,-760.654,-634.933,-803.464,-767.118,-676.440,-661.226,-679.917,-793.467,-598.967,-704.612,-549.481,-512.656,-681.862,-424.159,-493.827,-431.416,-336.514,-278.384,-199.760,-322.977,-288.614,-297.918,-8.459,-39.147,-153.861,-90.847,65.570,-71.469,-229.713,-144.521,-241.726,-474.604,-313.791,-152.073,-87.497,-233.035,-46.800,42.562,-90.217,-249.187,-505.008,-565.438,-570.514,-333.655,-307.001,-247.988,-94.537,135.778,256.349,210.167,512.794,642.051,393.995,319.155,244.192,281.233,43.193,53.696,330.489,423.690,438.056,325.177,221.918,30.592,-14.165,-140.662,-66.400,-272.813,-395.447,-144.824,-133.940,-257.890,-283.230,-315.305,-247.037,-255.890,-173.052,-185.235
-59.379,-129.310,182.154,228.418,104.283,185.649,304.095,113.945,-20.586,-362.353,-524.578,-520.810,-329.997,-458.882,-487.955,-484.775,-571.983,-534.191,-629.051,-605.844,-742.426,-524.078,-606.218,-683.574,-380.141,-532.600,-589.793,-517.565,-528.526,-305.574,-323.495,-296.403,-311.520,-94.490,-270.478,-340.938,-299.954,-245.729,-384.060,-482.502,-529.980,-641.606,-869.640,-594.088,-399.125,-373.383,-422.741,-171.186,-106.097,-334.872,-508.474,-723.018,-789.284,-637.484,-399.385,-405.571,-244.822,-44.926,199.125,371.421,405.399,632.508,831.138,522.678,476.164,366.235,335.978,97.962,107.484,320.513,388.339,300.670,165.788,139.076,17.517,-27.990,-130.811,-64.497,-206.806,-320.302,-14.015,-85.285,-262.295,-253.118,-374.470,-159.937,-31.552,57.611,8.711
36.910,-41.570,246.248,228.816,192.976,252.805,394.880,319.966,262.661,-40.993,-196.072,-200.098,-39.922,-122.512,-230.686,-309.990,-417.196,-369.950,-360.981,-461.049,-610.730,-373.203,-545.102,-513.058,-282.157,-494.755,-686.538,-623.721,-724.081,-475.488,-362.846,-354.071,-355.771,-232.120,-464.223,-506.088,-474.476,-557.882,-713.716,-716.228,-849.309,-939.652,-1132.316,-807.291,-608.703,-593.764,-558.439,-283.293,-204.117,-444.220,-617.806,-731.953,-787.901,-565.597,-302.139,-334.785,-100.831,82.382,331.051,461.775,533.980,647.757,883.144,652.535,653.678,571.674,456.930,205.361,163.646,321.588,345.761,220.213,43.695,109.845,23.876,9.645,-40.987,25.002,-23.858,-62.451,224.143,74.676,-186.151,-229.229,-437.193,-109.753,107.181,206.815,92.157
34.645,-47.545,167.530,104.011,165.447,186.200,330.920,370.019,372.249,207.030,66.601,94.414,146.523,75.437,-72.765,-224.744,-250.179,-241.074,-107.126,-241.822,-384.733,-192.523,-393.424,-285.156,-228.758,-470.019,-749.722,-679.061,-825.237,-677.729,-465.523,-502.134,-472.212,-410.504,-602.578,-622.064,-585.729,-780.645,-943.014,-849.855,-984.494,-1017.956,-1155.369,-846.634,-673.479,-621.521,-533.445,-264.379,-147.593,-307.644,-470.969,-450.245,-469.879,-304.675,-20.085,-54.356,192.612,303.811,538.696,537.637,600.065,591.558,804.878,730.518,773.973,738.479,539.990,272.555,151.531,278.903,271.366,168.415,-74.062,78.387,-9.106,15.794,29.612,130.149,174.748,232.739,453.908,254.328,-64.542,-214.223,-451.222,-89.555,130.402,225.965,47.759
33.096,-69.412,44.622,-32.793,115.227,97.768,215.869,318.618,321.418,319.465,185.035,282.094,205.929,91.966,-19.910,-227.337,-111.104,-166.227,38.217,-36.021,-154.709,-57.170,-224.559,-102.580,-249.541,-491.104,-779.533,-700.389,-816.186,-830.969,-583.612,-694.150,-638.140,-589.070,-686.615,-680.884,-624.716,-848.380,-989.205,-829.634,-891.125,-843.382,-926.511,-678.520,-552.276,-424.810,-306.680,-52.346,99.826,63.905,-84.996,68.541,114.426,126.235,392.477,384.764,574.252,592.557,787.865,611.794,633.407,537.225,667.907,730.459,798.484,780.485,515.833,253.004,64.068,179.816,169.703,110.940,-196.603,16.636,-87.171,-34.986,30.416,201.106,309.924,437.478,578.438,368.404,75.612,-163.340,-350.067,-39.547,106.833,167.860,-33.023
99.792,-49.219,-42.539,-97.849,109.745,76.319,152.836,250.510,187.766,299.864,151.162,329.747,169.081,-23.691,-24.992,-256.596,-17.546,-135.230,43.711,96.033,9.014,10.296,-87.248,-6.029,-295.761,-520.246,-748.677,-682.596,-713.024,-855.819,-635.830,-825.491,-777.615,-718.349,-726.982,-691.865,-599.716,-751.548,-847.444,-660.195,-622.900,-491.372,-542.099,-366.886,-297.384,-91.259,62.523,310.403,475.959,535.338,404.299,648.867,781.245,628.719,820.298,849.007,929.591,878.935,1010.674,685.522,663.316,548.904,561.978,663.844,741.140,689.219,385.412,169.566,-43.591,61.144,68.404,30.354,-300.988,-63.771,-171.227,-106.439,-25.340,220.249,347.674,491.478,555.701,370.856,208.218,-35.190,-118.701,89.673,132.202,132.912,-28.894
220.971,8.694,-77.748,-83.125,149.251,133.822,180.773,222.617,56.088,198.393,14.260,249.867,83.834,-175.587,-33.906,-244.750,29.117,-131.920,-56.097,136.043,73.456,31.546,2.733,25.798,-287.943,-489.005,-631.746,-610.124,-562.715,-733.043,-573.888,-807.011,-811.765,-769.601,-736.391,-674.855,-532.175,-546.631,-596.165,-413.278,-312.354,-120.794,-171.540,-52.816,-37.497,208.245,425.959,679.842,834.114,905.737,803.555,1066.604,1287.287,1049.002,1127.209,1171.694,1132.459,1069.247,1126.985,738.888,695.459,636.752,539.698,568.990,649.491,527.549,212.499,92.470,-92.734,-13.790,1.304,-59.507,-345.999,-125.185,-212.578,-138.039,-85.593,193.981,298.239,411.568,406.921,266.693,299.515,157.575,170.146,279.087,243.657,186.933,112.190
314.848,48.188,-98.526,-43.354,180.996,210.452,260.086,236.045,-27.202,77.065,-152.247,85.614,-17.540,-282.693,-24.390,-169.324,31.841,-153.255,-191.109,97.132,40.586,36.599,48.467,35.633,-184.426,-360.464,-440.877,-484.196,-430.095,-529.114,-428.893,-634.061,-715.379,-754.133,-727.962,-653.519,-452.996,-335.866,-359.747,-203.434,-112.681,93.972,15.394,105.861,80.573,301.583,606.806,870.385,1002.148,1000.683,949.248,1148.571,1435.971,1233.772,1206.785,1223.570,1095.087,1078.680,1072.778,733.518,705.558,745.567,586.107,486.245,568.207,383.417,81.731,89.439,-31.535,6.066,-8.138,-116.664,-298.474,-130.707,-187.603,-93.096,-100.857,140.391,201.630,267.449,200.709,103.910,315.086,339.783,382.631,435.797,383.758,309.884,325.330
296.051,13.739,-145.853,-40.761,151.618,228.820,311.580,251.236,-63.062,-18.590,-282.598,-105.634,-124.650,-317.192,-13.068,-67.906,-7.305,-209.778,-298.275,2.071,-66.732,30.155,52.752,42.032,-21.452,-168.648,-238.599,-342.063,-374.772,-368.652,-303.392,-402.951,-541.545,-718.644,-716.970,-650.491,-397.548,-222.892,-247.068,-136.914,-125.440,44.612,-73.230,9.648,-33.910,103.691,484.543,747.318,863.387,755.257,779.848,851.397,1166.242,1098.265,1025.167,972.669,806.963,868.239,827.777,630.953,654.886,786.400,631.879,435.347,510.260,315.390,49.966,181.598,133.684,128.084,44.756,-92.243,-156.527,-66.562,-109.434,15.893,-53.826,82.149,109.667,142.531,22.809,-47.792,242.610,417.435,402.310,448.939,439.478,410.039,466.655
144.977,-95.736,-215.851,-91.349,55.701,156.312,278.526,229.578,-74.989,-69.024,-335.120,-264.277,-230.135,-300.288,-30.581,-6.980,-81.573,-308.223,-351.221,-131.659,-218.963,-14.486,11.170,23.720,104.208,-6.419,-113.290,-248.658,-425.872,-366.335,-310.815,-260.228,-395.795,-717.489,-719.913,-682.619,-396.448,-264.059,-298.093,-256.969,-348.774,-255.587,-404.883,-328.436,-362.398,-333.959,63.227,305.332,421.329,248.400,360.819,282.979,581.882,675.133,638.977,504.702,346.669,471.728,433.619,420.395,519.797,694.221,602.155,409.085,455.012,324.097,119.790,332.904,343.953,310.272,147.031,39.933,43.664,51.723,-12.891,138.888,37.666,43.801,68.970,98.594,-57.230,-123.614,112.700,344.009,210.357,270.214,327.305,391.179,411.144
-66.806,-212.518,-251.611,-151.407,-55.375,32.020,169.023,169.008,-75.376,-73.739,-293.272,-338.008,-307.411,-266.915,-87.179,-28.745,-169.966,-431.651,-362.322,-290.609,-386.931,-130.158,-78.227,-56.310,99.215,31.396,-128.736,-260.646,-566.156,-557.189,-499.505,-313.766,-373.306,-777.375,-746.929,-754.002,-462.333,-439.708,-466.454,-515.048,-673.603,-672.280,-831.868,-778.188,-774.637,-839.585,-514.688,-310.987,-186.777,-328.064,-146.065,-342.727,-92.632,115.372,179.012,-7.869,-139.662,-1.393,-6.624,140.797,318.092,476.847,470.403,385.996,373.356,364.388,247.536,477.497,524.165,484.165,274.985,261.709,241.578,189.918,72.584,224.930,139.502,46.852,105.609,155.331,-12.252,-87.886,-3.714,161.283,-88.495,-38.075,62.914,224.346,143.006
-213.821,-237.933,-182.263,-151.521,-109.206,-58.680,51.492,108.274,-50.765,-39.841,-161.067,-293.611,-309.678,-230.429,-156.455,-115.370,-235.610,-535.339,-360.860,-453.019,-541.860,-318.900,-199.272,-207.966,-59.100,-87.822,-279.282,-384.469,-734.826,-867.174,-810.285,-560.448,-496.900,-875.673,-790.382,-848.052,-578.218,-661.451,-646.329,-787.066,-932.885,-1009.930,-1154.909,-1143.443,-1082.813,-1197.026,-1021.894,-861.654,-740.070,-751.919,-552.342,-795.949,-608.809,-367.423,-196.856,-376.134,-487.697,-395.064,-353.887,-119.367,114.398,222.989,282.520,351.657,260.666,385.538,375.743,564.232,626.084,592.110,401.777,510.799,379.479,313.502,141.086,256.180,224.562,99.602,213.723,287.609,131.896,51.630,-28.302,-17.467,-317.380,-325.056,-235.343,-25.840,-223.895
-192.942,-108.168,19.088,-51.028,-64.994,-42.630,8.491,98.350,23.517,23.154,38.174,-131.255,-197.813,-174.757,-190.351,-197.706,-239.032,-565.687,-365.072,-580.134,-654.133,-532.236,-312.566,-387.937,-298.770,-306.267,-481.981,-558.248,-850.496,-1143.643,-1096.867,-876.737,-694.748,-946.551,-818.542,-924.589,-696.240,-813.681,-728.147,-930.820,-981.808,-1103.457,-1212.584,-1248.168,-1128.687,-1244.860,-1245.478,-1118.492,-1028.664,-866.649,-719.136,-925.060,-798.112,-588.937,-364.516,-473.435,-575.458,-562.579,-481.018,-252.367,-3.301,59.942,133.853,312.248,152.020,369.339,466.181,587.370,650.672,616.478,502.853,705.509,428.568,402.131,207.435,256.073,284.415,187.316,354.124,438.438,306.453,245.708,77.724,-74.543,-328.739,-434.512,-414.037,-237.923,-510.766
10.977,156.481,301.656,127.522,56.200,90.341,81.189,162.822,152.552,100.592,259.791,106.124,20.026,-78.304,-154.915,-203.772,-161.364,-492.337,-367.801,-623.740,-696.596,-686.273,-369.782,-513.882,-490.923,-503.801,-615.718,-675.261,-845.857,-1230.903,-1200.197,-1080.885,-833.857,-913.649,-783.410,-929.089,-752.670,-809.487,-652.993,-857.119,-769.324,-896.249,-954.426,-1017.708,-861.185,-950.172,-1084.564,-972.768,-948.653,-646.966,-607.758,-713.096,-635.741,-479.028,-283.057,-286.750,-372.319,-429.615,-327.962,-182.377,32.219,81.847,110.944,289.729,105.724,339.574,512.618,583.202,637.098,583.748,559.293,782.397,400.262,453.004,287.659,267.747,325.086,273.146,468.395,543.112,429.024,423.469,283.060,37.664,-93.914,-298.430,-379.390,-307.943,-581.782
312.547,453.477,554.534,308.690,185.636,278.523,241.530,276.273,301.187,169.147,440.972,339.079,268.366,51.578,-60.330,-113.285,-22.530,-332.484,-344.568,-549.973,-653.549,-705.461,-341.074,-513.048,-526.889,-566.551,-587.719,-640.802,-698.792,-1050.352,-1034.840,-1032.280,-792.450,-732.860,-644.184,-815.783,-696.215,-632.813,-437.900,-577.178,-364.076,-464.823,-462.548,-515.834,-364.554,-421.384,-597.384,-487.835,-550.169,-204.272,-286.092,-274.457,-237.372,-115.244,-10.280,82.478,44.407,-35.799,60.673,87.061,224.789,289.194,232.874,301.532,163.480,337.878,528.920,596.555,627.907,542.134,560.485,726.670,336.735,473.909,379.002,319.536,354.732,315.195,506.435,557.246,441.468,523.482,495.678,264.301,275.963,18.792,-156.604,-211.693,-424.612
573.902,652.108,667.105,411.506,254.978,426.250,409.348,376.559,403.130,201.022,517.400,478.472,426.899,164.112,38.284,21.382,120.536,-149.400,-277.023,-365.540,-530.804,-568.516,-237.628,-373.383,-385.913,-454.111,-389.000,-430.868,-445.158,-642.201,-638.076,-711.027,-531.029,-422.563,-396.502,-576.372,-516.907,-345.287,-161.422,-199.582,79.435,22.135,88.335,81.485,178.734,144.529,26.679,131.559,-13.053,268.860,107.712,202.807,205.192,315.526,324.147,467.456,515.182,469.327,539.071,457.699,498.889,576.883,429.516,339.877,313.596,385.256,525.899,642.044,635.253,527.795,506.715,578.035,286.227,472.939,455.332,402.243,375.066,292.731,454.825,478.297,338.999,521.989,610.809,480.268,592.510,354.665,125.131,-15.065,-151.850
682.070,666.565,593.772,400.198,243.267,462.381,501.653,403.045,397.663,177.306,451.549,464.870,391.245,187.247,72.836,105.438,199.271,-22.916,-174.172,-127.279,-359.640,-326.951,-112.290,-161.017,-150.080,-224.187,-104.844,-116.270,-166.256,-147.424,-154.214,-232.404,-121.740,-64.544,-89.942,-258.204,-258.945,-54.548,79.491,123.220,397.158,388.098,512.051,563.931,572.666,552.609,556.114,638.157,438.652,587.283,425.351,540.175,515.056,609.901,576.487,710.941,859.128,881.357,912.038,768.836,724.354,782.134,573.359,367.705,484.574,458.719,497.092,688.505,631.818,541.445,410.522,408.308,277.108,452.738,482.171,473.744,382.784,224.464,348.391,349.577,174.255,442.950,569.963,566.826,698.621,540.861,311.672,171.492,75.602
607.127,502.622,380.631,303.149,188.774,380.634,481.075,335.027,270.630,102.408,258.255,300.966,139.157,75.617,7.219,65.282,170.286,-7.873,-75.330,75.855,-189.885,-82.906,-34.549,11.021,43.432,-0.074,127.821,166.176,44.204,259.013,236.165,211.251,281.301,226.414,181.121,43.227,-6.991,138.817,216.279,270.928,494.094,531.406,692.602,779.019,697.392,693.139,822.034,858.040,640.176,652.143,565.697,639.257,603.163,647.276,650.652,730.287,946.508,1027.081,1017.716,867.742,774.601,769.168,549.568,337.747,578.332,501.710,425.187,678.765,573.044,550.155,294.917,283.499,305.330,412.833,441.231,487.345,377.605,163.187,254.174,241.468,31.407,342.801,394.277,483.180,556.883,496.597,315.513,261.921,151.142
407.531,250.066,136.658,188.254,157.305,236.919,372.859,204.602,70.894,7.514,8.709,56.452,-240.499,-148.195,-135.033,-96.959,41.979,-105.115,-30.977,162.487,-73.326,61.965,-53.071,45.808,82.859,98.600,192.743,282.660,119.138,447.841,402.349,447.729,515.595,350.694,314.924,220.567,150.523,187.544,234.900,212.939,383.795,463.394,626.350,694.179,558.660,578.573,786.124,763.747,554.997,483.544,506.635,510.343,490.635,442.550,534.352,543.339,751.647,842.611,803.388,685.355,591.126,504.783,324.684,224.795,526.142,462.613,303.693,571.948,435.614,512.677,187.624,232.242,342.152,357.322,347.271,424.433,367.964,165.365,233.521,215.961,-17.941,277.252,170.768,287.475,265.110,267.076,162.156,241.531,83.701
184.740,28.160,-31.297,113.773,190.247,108.502,242.156,75.819,-111.734,-63.123,-196.568,-162.459,-580.740,-391.119,-280.623,-296.727,-126.552,-262.473,-72.556,99.488,-44.361,57.134,-167.946,-81.327,-54.915,20.103,55.274,173.826,45.628,388.250,319.441,407.568,489.078,267.500,252.294,205.394,163.387,113.517,170.742,16.526,169.114,284.636,406.325,399.764,273.128,320.623,540.226,469.237,275.968,194.807,301.553,250.647,275.678,124.733,293.302,246.407,361.587,404.240,354.375,276.677,219.802,81.743,-27.026,50.029,333.191,334.660,155.298,378.843,244.996,411.190,112.714,238.282,356.858,300.988,244.872,309.474,367.738,252.422,303.901,291.930,46.819,269.278,0.298,95.565,-7.633,-12.876,-34.998,164.425,-20.253
21.171,-79.556,-77.048,90.478,270.753,44.789,149.807,4.686,-195.715,-77.097,-276.206,-266.152,-719.624,-534.098,-349.736,-416.202,-255.687,-404.767,-190.080,-79.763,-106.757,-75.261,-329.532,-308.542,-296.365,-196.847,-222.228,-112.165,-131.159,150.901,68.300,149.612,223.534,13.896,12.714,7.081,44.110,-13.144,79.707,-197.258,-22.544,116.777,161.028,54.234,-0.229,64.411,243.280,154.416,-37.629,-74.234,46.325,-12.572,68.509,-144.139,29.180,-40.526,-64.910,-106.347,-143.504,-199.600,-203.853,-325.392,-357.501,-121.412,81.818,167.743,29.208,164.166,70.766,267.851,82.728,259.622,339.851,267.453,185.739,197.384,385.415,389.424,425.370,431.511,185.184,298.140,-59.276,6.711,-122.226,-202.732,-150.578,108.366,-38.201
-57.435,-60.820,-30.204,81.756,333.947,43.009,117.500,6.911,-153.904,-34.342,-211.903,-228.952,-588.873,-499.949,-305.805,-379.595,-287.705,-474.044,-332.168,-291.018,-232.505,-258.358,-464.552,-523.626,-520.643,-451.716,-517.370,-444.282,-328.703,-134.639,-214.287,-179.026,-158.180,-309.348,-306.141,-284.312,-139.618,-117.618,4.765,-323.206,-111.021,31.409,-16.435,-197.947,-144.229,-83.711,33.826,-35.377,-249.087,-227.899,-165.653,-183.966,-67.926,-261.382,-173.924,-231.321,-369.768,-487.872,-492.965,-556.150,-517.231,-549.776,-522.341,-212.673,-112.436,40.684,-25.484,11.128,-11.086,134.115,94.479,260.278,310.687,277.961,199.668,141.107,413.994,498.425,522.961,558.169,320.601,316.856,-19.017,45.497,-45.049,-233.395,-122.601,121.051,80.478
-75.188,37.139,38.560,40.234,315.334,62.776,124.252,53.993,-27.239,31.722,-60.333,-102.450,-255.788,-302.475,-179.294,-205.386,-216.287,-455.682,-429.649,-440.725,-372.844,-404.736,-513.599,-627.389,-632.305,-640.400,-713.291,-676.762,-462.165,-342.093,-403.770,-421.361,-492.133,-578.638,-569.755,-537.287,-301.136,-160.568,-42.821,-326.322,-100.811,17.101,-109.584,-292.368,-137.772,-98.524,-33.710,-58.692,-309.435,-252.835,-279.609,-237.323,-140.189,-233.346,-284.977,-305.279,-465.054,-614.000,-581.307,-669.580,-610.873,-518.822,-459.105,-180.582,-167.977,9.797,5.392,-30.450,32.904,58.507,130.137,233.090,304.520,335.871,276.315,159.450,430.241,501.933,533.113,598.586,386.046,286.956,60.106,155.908,145.263,-132.329,19.396,193.683,279.177
-67.758,151.731,74.455,-47.354,203.131,65.368,132.778,98.173,102.784,75.418,77.619,15.373,109.102,-43.400,-48.910,0.794,-85.418,-376.094,-429.667,-470.475,-476.021,-459.524,-458.070,-584.893,-610.747,-706.088,-753.811,-721.379,-477.211,-398.556,-437.922,-482.796,-648.273,-696.971,-670.204,-642.236,-379.333,-152.425,-79.175,-250.295,-63.926,1.535,-169.301,-261.729,-52.894,-31.050,2.077,18.911,-265.533,-207.137,-292.259,-212.720,-201.242,-155.231,-325.855,-300.275,-365.834,-488.174,-432.225,-541.041,-483.829,-290.127,-221.981,-46.598,-87.090,67.628,83.098,21.538,164.890,53.344,163.097,198.809,344.276,416.226,368.331,224.554,405.442,370.904,444.839,524.623,361.955,207.063,114.569,246.981,317.567,11.358,185.515,275.436,433.240
-46.757,246.323,75.980,-141.766,55.454,46.710,123.298,107.024,164.865,69.819,114.995,39.242,323.123,144.543,8.930,111.056,40.928,-276.686,-321.177,-380.119,-504.090,-418.805,-322.494,-434.697,-507.457,-654.453,-658.088,-583.208,-366.162,-301.661,-327.668,-361.661,-583.001,-630.484,-578.379,-564.895,-365.784,-135.568,-126.334,-177.733,-81.141,-87.785,-263.053,-198.788,0.343,35.056,53.253,82.883,-212.734,-171.731,-239.253,-179.377,-299.928,-136.844,-339.915,-276.219,-170.907,-230.421,-184.323,-290.573,-242.387,-16.580,47.798,108.354,43.642,141.771,131.826,89.346,288.575,82.905,166.691,183.349,416.343,468.915,414.076,276.140,321.508,146.280,307.671,369.400,282.603,114.989,119.299,255.350,371.398,111.295,288.630,313.309,435.166
4.315,319.587,86.378,-175.171,-33.385,38.876,108.401,82.786,138.899,26.629,30.322,-50.510,290.201,175.240,-29.761,57.920,118.491,-183.871,-138.209,-218.642,-442.799,-317.246,-154.353,-254.504,-397.952,-530.461,-491.431,-342.398,-162.123,-102.562,-131.776,-129.720,-346.447,-417.006,-355.781,-359.420,-299.183,-147.720,-189.154,-169.141,-179.766,-263.816,-415.894,-189.869,-52.782,38.111,47.217,49.037,-225.705,-195.415,-167.359,-187.188,-435.987,-223.019,-352.169,-272.533,-2.747,-4.139,-7.390,-86.622,-40.131,140.384,200.283,186.380,105.663,138.970,84.106,83.833,300.664,83.116,123.439,190.725,467.672,437.849,367.683,254.050,182.436,-81.451,199.260,206.440,207.388,60.792,94.567,181.542,290.215,132.426,294.741,286.674,267.914
100.667,380.456,146.866,-102.225,2.686,79.168,118.179,53.713,61.247,-10.160,-119.499,-193.811,50.481,59.556,-119.674,-118.679,146.273,-96.102,59.343,-51.192,-302.664,-198.193,3.058,-109.354,-324.823,-378.789,-315.996,-97.634,82.906,129.643,83.146,117.817,-46.241,-144.352,-118.339,-133.009,-232.092,-190.993,-245.906,-220.239,-308.248,-459.758,-581.194,-258.959,-203.049,-26.660,-28.170,-84.969,-311.203,-266.232,-107.794,-234.488,-549.222,-359.888,-347.796,-284.194,60.700,76.318,-3.032,-48.833,9.631,101.527,160.757,130.524,24.173,9.681,-69.691,-34.783,153.436,3.027,32.735,193.076,430.771,289.788,221.542,131.039,14.436,-223.222,172.952,104.190,177.173,69.171,77.548,78.551,136.036,95.730,230.174,213.866,18.414
219.825,413.917,248.076,58.119,150.205,170.956,168.244,45.818,-7.246,5.325,-234.355,-285.792,-247.415,-103.817,-174.715,-292.142,159.369,4.210,215.105,76.199,-113.151,-88.017,127.125,-17.577,-272.221,-217.646,-155.553,90.766,322.268,340.459,272.710,310.387,209.079,90.410,27.871,17.289,-192.604,-226.955,-258.814,-265.136,-365.190,-562.565,-661.121,-354.737,-361.153,-109.114,-123.959,-244.764,-409.959,-324.179,-64.477,-269.621,-550.637,-428.639,-282.923,-268.384,25.633,6.075,-146.256,-178.631,-99.445,-85.747,-27.402,-35.397,-178.163,-207.659,-259.991,-221.971,-108.190,-156.457,-85.151,147.957,265.826,39.442,11.574,-71.080,-144.326,-240.791,220.825,85.071,186.518,118.800,83.949,6.381,-2.472,45.147,148.737,131.434,-175.354
292.789,370.898,319.078,222.490,315.973,268.222,237.374,58.132,-26.716,85.879,-233.376,-241.091,-433.937,-191.992,-124.659,-326.750,197.232,124.532,299.112,153.617,86.467,10.157,213.995,45.195,-188.483,-42.771,3.765,222.601,527.899,504.153,421.460,423.333,356.666,221.448,42.373,57.725,-166.746,-201.475,-198.326,-223.471,-266.318,-481.243,-566.415,-386.801,-410.962,-138.852,-169.758,-333.265,-442.511,-304.636,-21.248,-224.577,-378.044,-325.366,-120.216,-175.701,-27.543,-114.904,-302.021,-357.870,-260.187,-274.087,-225.064,-210.594,-383.942,-394.045,-363.429,-364.071,-359.454,-331.639,-191.058,33.726,-3.628,-243.667,-195.274,-288.984,-257.293,-162.837,279.090,116.256,192.226,156.002,92.178,-10.621,-67.724,8.669,89.364,66.720,-206.861
238.168,197.358,267.567,289.582,382.903,299.872,275.439,62.113,-4.648,196.423,-105.803,-48.751,-413.392,-135.917,36.273,-163.873,270.127,243.181,313.460,199.024,256.576,103.898,264.620,111.328,-38.904,145.496,180.968,334.003,687.266,617.249,529.586,467.740,394.752,236.282,-34.450,29.022,-113.551,-83.791,-66.305,-60.973,-7.932,-208.873,-279.806,-287.904,-280.633,-70.677,-124.920,-296.094,-366.480,-183.692,39.148,-60.829,-43.400,-36.099,134.533,13.359,2.504,-147.750,-308.060,-418.064,-312.355,-299.771,-273.281,-266.553,-442.302,-410.365,-266.606,-338.420,-455.336,-422.977,-236.783,-121.098,-285.203,-454.622,-324.693,-444.042,-298.967,-57.909,274.471,138.654,152.911,136.021,64.313,8.081,-57.756,-14.959,57.162,26.438,-59.423
21.352,-114.076,47.567,205.448,288.292,220.813,239.728,27.448,15.486,272.284,82.249,216.627,-210.466,37.071,241.004,138.064,347.914,314.320,281.489,234.620,365.562,193.944,273.271,184.473,151.302,316.795,362.804,449.076,789.804,681.204,594.529,463.757,364.729,171.260,-114.325,9.987,-2.231,105.754,96.840,176.895,314.690,160.477,117.142,-63.429,10.024,85.636,-7.329,-156.034,-207.158,3.429,117.785,199.575,357.351,341.290,419.665,267.599,171.442,-3.552,-76.785,-242.431,-138.840,-77.713,-82.101,-117.391,-256.185,-179.491,64.696,-85.850,-307.103,-348.094,-182.393,-238.215,-451.659,-494.726,-320.727,-474.431,-257.953,16.393,180.979,114.277,70.807,63.397,-11.940,28.711,-6.947,-36.953,38.260,7.673,193.665
-302.663,-488.771,-291.841,4.436,72.802,54.797,134.621,-44.738,-5.384,261.346,229.925,435.659,56.178,223.670,388.376,436.178,380.042,296.718,230.617,266.502,396.448,267.219,229.616,229.786,297.992,410.996,492.104,544.582,815.961,688.863,602.809,419.457,315.711,85.640,-120.635,58.587,155.330,299.056,227.569,382.848,549.823,473.229,474.275,203.150,353.685,267.742,117.900,4.111,-42.085,181.961,195.442,476.640,680.702,643.686,638.898,511.192,446.727,296.001,342.528,156.680,255.802,343.745,315.002,226.400,153.492,256.871,550.351,345.570,64.749,-92.825,-16.635,-226.592,-401.976,-318.937,-165.954,-359.683,-136.896,52.238,46.666,58.198,2.661,-0.231,-95.599,43.164,54.666,-48.142,30.185,17.088,440.966
-599.094,-784.862,-614.889,-204.032,-135.509,-104.511,23.227,-108.550,-62.911,163.111,265.797,512.934,252.874,314.770,405.754,588.542,333.763,187.773,180.429,281.782,350.876,305.820,133.314,199.643,307.114,369.427,494.915,556.212,740.425,624.903,538.091,329.482,274.585,29.885,-36.548,170.416,302.079,415.761,271.015,449.609,571.818,595.212,647.299,393.647,609.308,393.241,180.985,96.964,49.169,282.213,244.035,668.913,801.153,730.658,705.599,653.103,713.468,621.150,777.935,629.899,730.621,798.182,769.686,651.066,644.254,741.576,1018.006,811.311,530.067,268.449,227.912,-39.272,-119.784,33.267,108.744,-129.129,46.136,90.781,-31.923,30.522,26.312,27.350,-107.158,83.531,127.388,-9.199,57.048,76.336,597.614
-719.565,-860.556,-767.007,-298.249,-196.681,-142.079,-3.826,-95.175,-102.556,37.018,192.455,431.915,311.159,269.339,295.966,538.790,223.790,37.859,141.231,263.297,248.792,303.695,8.430,76.666,141.634,178.644,331.754,425.489,550.949,480.225,399.265,191.678,238.087,25.211,88.738,283.223,368.999,411.359,212.880,339.050,356.703,484.274,575.860,422.399,675.389,403.627,152.643,86.949,36.447,280.764,245.690,704.686,672.057,561.215,585.039,624.953,826.970,798.976,1018.886,959.358,1069.549,1079.051,1085.691,985.440,1013.464,1067.926,1275.154,1131.361,902.669,596.597,474.367,282.886,302.919,441.471,427.700,147.465,254.567,182.185,25.440,91.167,181.329,187.601,16.765,195.004,231.818,123.629,152.316,203.530,640.366
-588.995,-658.540,-664.409,-218.896,-48.585,6.397,112.560,39.823,-53.931,-29.245,82.250,262.154,259.770,142.895,137.846,346.580,110.732,-69.347,119.323,208.704,122.402,275.902,-97.074,-98.310,-139.094,-103.966,38.915,155.977,271.370,270.138,214.838,26.647,188.114,63.363,178.855,325.070,324.343,308.489,93.123,114.676,5.028,214.944,319.642,287.028,541.616,295.094,62.332,10.686,-42.100,212.415,206.366,579.857,349.606,214.265,311.052,409.860,685.362,705.185,924.422,968.203,1088.787,1039.893,1110.087,1077.606,1093.575,1075.642,1196.280,1170.011,1021.669,745.954,621.172,610.363,693.561,745.691,688.449,382.954,434.009,335.431,220.701,247.755,424.317,436.077,264.171,385.245,372.454,353.167,320.586,383.207,596.326
-258.540,-253.980,-349.750,-8.160,246.533,304.278,350.702,274.658,114.813,25.677,26.893,114.482,191.723,50.514,38.382,145.046,65.728,-63.188,120.484,137.609,5.020,250.651,-131.937,-237.216,-398.222,-365.166,-271.785,-163.009,-29.373,42.217,41.360,-117.158,116.689,122.739,187.573,272.891,205.079,189.869,-8.837,-86.450,-305.242,-60.272,28.803,71.198,290.387,119.385,-21.991,-51.247,-105.829,145.870,154.255,361.147,-32.851,-157.452,-30.870,50.825,285.150,332.774,496.800,612.900,733.677,665.622,803.861,864.514,832.027,727.645,781.372,894.289,820.895,629.214,578.545,775.044,869.434,810.633,792.143,501.820,523.507,495.953,462.450,434.994,635.036,649.449,529.436,591.060,508.072,613.241,511.004,551.979,503.401
113.588,170.840,24.067,213.194,531.238,621.427,605.016,516.921,360.640,193.500,74.379,72.298,191.832,87.245,65.107,53.068,121.978,67.365,145.972,79.640,-81.599,247.851,-72.378,-252.582,-493.070,-489.161,-462.292,-389.092,-255.278,-135.476,-57.173,-180.498,41.545,187.251,134.908,178.892,104.879,153.162,-13.068,-130.046,-412.682,-192.806,-137.697,-103.918,48.314,-45.355,-39.219,-31.924,-85.256,138.955,122.876,152.178,-326.933,-410.219,-342.683,-362.768,-268.514,-199.000,-118.072,9.367,112.667,79.759,259.078,400.837,315.619,128.755,156.855,384.143,354.440,257.809,308.874,650.185,719.256,584.905,678.953,465.841,478.176,571.160,613.289,545.179,678.656,689.483,659.056,695.821,559.423,787.885,630.726,620.388,378.576
347.893,418.856,276.466,318.417,643.250,800.802,738.313,646.819,576.551,393.809,195.617,142.038,274.333,257.681,200.700,98.892,244.844,256.670,183.363,51.315,-135.708,259.667,56.682,-113.920,-359.134,-421.238,-442.595,-403.414,-325.480,-203.583,-40.320,-125.099,0.199,254.011,95.637,142.015,120.063,251.725,116.225,33.984,-261.658,-118.334,-101.057,-151.637,-84.032,-137.156,23.779,73.097,31.015,201.682,128.942,40.346,-436.022,-479.183,-552.623,-723.592,-802.208,-699.219,-701.407,-620.321,-550.740,-513.982,-342.786,-165.402,-270.956,-521.732,-480.182,-206.170,-230.425,-260.896,-147.147,219.952,256.935,127.059,355.688,287.623,294.061,490.327,573.545,494.877,490.783,489.943,541.446,596.332,457.024,775.496,598.291,525.654,219.241
346.951,387.417,300.673,252.604,512.749,747.560,662.255,586.304,648.600,517.200,303.663,253.452,371.817,462.131,348.927,204.100,342.802,389.367,201.400,39.369,-174.892,249.416,186.603,124.206,-55.024,-203.839,-226.911,-186.723,-220.044,-143.765,83.732,38.540,25.322,325.248,145.731,239.203,284.316,456.178,344.455,334.278,64.112,108.916,92.231,-72.267,-84.229,-142.462,121.692,198.008,185.942,289.977,159.054,52.995,-353.780,-396.813,-634.681,-939.289,-1145.975,-993.903,-1063.878,-1051.923,-1023.129,-924.452,-808.867,-656.514,-729.008,-1017.801,-945.441,-712.345,-756.355,-767.065,-673.711,-399.597,-379.024,-415.697,-98.165,26.230,19.720,259.086,348.285,285.425,131.408,111.869,186.340,279.201,198.796,559.817,403.985,282.930,32.637
152.754,128.943,123.042,66.912,206.139,486.941,396.621,351.609,525.604,489.294,313.131,308.434,381.809,551.442,389.856,237.908,316.822,360.027,157.902,5.403,-225.174,173.557,237.789,343.845,262.134,39.736,64.783,155.048,-0.979,5.335,254.541,246.092,117.773,392.704,302.104,461.589,534.936,662.353,575.869,610.476,384.529,346.913,296.621,46.383,-13.282,-100.220,177.764,245.679,286.616,333.236,174.526,146.138,-157.479,-255.689,-603.868,-960.195,-1203.032,-1002.941,-1125.949,-1159.674,-1168.259,-1053.567,-1011.995,-936.624,-929.528,-1230.726,-1137.982,-1018.204,-1083.979,-1111.417,-1115.931,-1002.613,-981.117,-868.019,-553.317,-234.857,-257.332,-31.220,51.550,14.345,-232.436,-273.596,-261.441,-147.407,-126.135,237.274,132.411,-4.146,-136.958
-79.774,-177.108,-116.451,-113.071,-112.326,153.352,66.755,52.596,256.217,315.861,199.677,246.126,239.106,418.424,251.968,106.623,120.970,133.693,21.743,-87.614,-304.293,15.006,163.877,426.068,420.477,169.293,266.513,439.041,210.281,161.763,383.173,404.406,237.026,429.882,498.673,702.530,737.818,745.502,697.698,700.500,520.408,444.619,351.977,82.376,27.215,-75.864,131.478,148.866,259.202,277.874,132.841,231.039,36.882,-145.301,-497.127,-794.952,-986.531,-768.388,-938.283,-963.814,-1001.086,-926.922,-933.388,-958.685,-857.819,-1150.852,-1067.235,-1084.839,-1156.068,-1209.716,-1336.944,-1380.667,-1357.857,-1098.847,-877.202,-419.920,-447.680,-251.011,-159.718,-176.180,-413.538,-473.227,-591.925,-497.376,-373.012,-26.685,-76.865,-191.060,-214.350
-179.587,-328.822,-251.423,-165.967,-278.847,-85.941,-165.054,-166.426,-33.934,79.631,18.489,82.035,-34.492,69.388,-41.840,-179.291,-202.023,-227.056,-201.272,-242.711,-407.413,-194.001,-18.107,319.044,329.905,105.904,257.572,506.231,293.813,241.121,394.932,436.805,318.973,403.018,620.065,813.580,762.767,632.738,638.967,534.233,391.591,325.318,178.669,-43.818,-40.166,-120.187,-22.693,-84.929,92.498,119.845,14.002,223.448,132.287,-104.844,-355.357,-509.686,-608.819,-424.083,-638.717,-605.290,-663.747,-664.240,-656.171,-769.459,-603.065,-872.999,-830.070,-946.187,-1004.235,-1067.245,-1272.829,-1413.411,-1409.410,-1072.124,-985.941,-490.263,-503.272,-310.341,-183.570,-186.348,-314.051,-383.296,-648.474,-608.215,-422.544,-93.642,-113.307,-176.913,-138.142
-68.281,-223.089,-191.199,-51.642,-228.355,-128.325,-196.132,-211.872,-214.543,-110.476,-132.078,-103.614,-336.104,-369.574,-381.830,-503.581,-533.353,-585.354,-455.206,-412.816,-503.439,-377.200,-230.821,71.364,35.558,-119.774,34.335,317.887,200.172,204.784,270.727,325.686,313.428,297.531,576.099,699.222,566.662,352.278,412.921,178.995,61.155,28.858,-171.813,-315.281,-220.113,-236.701,-229.225,-373.163,-155.321,-92.782,-163.389,88.736,92.052,-118.306,-215.945,-209.207,-230.276,-126.240,-374.945,-266.165,-341.002,-409.791,-318.060,-476.124,-304.668,-539.845,-555.894,-682.434,-722.933,-767.100,-960.726,-1118.987,-1160.958,-852.979,-878.179,-457.534,-442.598,-217.971,-41.069,-27.560,8.022,-58.123,-424.738,-441.592,-259.528,56.529,27.608,25.043,83.902
187.049,79.258,24.364,161.479,-32.067,4.484,-48.854,-99.650,-228.519,-186.060,-178.010,-219.493,-539.667,-716.992,-628.088,-709.323,-734.328,-792.860,-646.305,-515.744,-545.529,-448.895,-373.631,-190.507,-303.836,-378.502,-280.556,-11.967,-13.288,87.380,64.026,127.966,219.036,142.306,369.931,390.911,232.017,28.229,117.573,-191.730,-299.124,-309.637,-541.077,-620.443,-439.982,-376.426,-401.560,-602.656,-388.710,-286.762,-345.989,-140.437,-52.761,-146.881,-113.499,-2.995,8.428,18.388,-235.628,-80.032,-163.787,-260.980,-48.252,-194.632,-85.685,-275.229,-349.758,-388.132,-427.424,-431.680,-526.053,-640.928,-742.079,-568.753,-633.800,-374.775,-341.252,-81.602,131.123,173.456,359.588,309.547,-78.055,-118.002,3.503,299.895,227.751,279.859,351.961
411.568,385.787,250.751,336.508,149.256,182.164,138.596,52.025,-125.439,-159.023,-122.052,-222.441,-568.550,-833.114,-683.097,-690.181,-715.983,-759.741,-680.569,-475.945,-492.316,-360.246,-374.536,-329.410,-502.031,-509.901,-500.987,-273.690,-205.708,-16.761,-119.888,-48.815,91.626,10.505,111.799,47.657,-68.503,-180.718,-110.182,-391.002,-502.639,-531.779,-750.051,-811.336,-590.926,-463.626,-469.576,-691.192,-524.263,-401.784,-468.119,-381.465,-228.328,-168.962,-78.941,34.978,41.459,-7.019,-222.278,-77.484,-152.634,-230.649,82.658,-4.735,-4.977,-138.773,-258.697,-146.839,-213.919,-175.597,-132.674,-179.990,-325.502,-346.377,-376.916,-309.503,-290.704,-45.432,162.507,243.326,513.928,490.135,154.265,142.499,179.217,431.704,308.209,399.555,510.233
430.044,485.815,329.376,351.710,167.776,248.893,195.152,95.667,-27.106,-108.195,-43.432,-142.725,-436.839,-692.122,-539.003,-451.697,-484.008,-496.008,-510.916,-270.821,-330.514,-130.793,-228.870,-272.140,-448.088,-411.446,-480.333,-281.623,-229.757,-6.508,-176.620,-101.309,16.130,-12.342,-38.076,-126.817,-166.942,-167.427,-165.431,-321.007,-448.514,-538.377,-697.936,-785.178,-590.048,-438.449,-415.967,-628.973,-528.107,-416.391,-481.262,-542.996,-358.234,-196.159,-129.749,-102.254,-101.870,-135.319,-268.830,-189.469,-227.401,-258.346,79.962,70.715,-46.055,-117.807,-270.434,-15.090,-133.710,-68.016,83.162,94.696,-55.229,-257.845,-220.254,-312.017,-347.423,-201.600,-43.915,65.598,336.987,344.554,89.672,143.731,109.004,286.277,137.019,252.484,429.337
178.950,278.813,187.554,176.919,-16.400,123.946,25.802,-49.130,-45.259,-121.151,-42.399,-58.891,-234.601,-388.278,-274.956,-106.511,-135.172,-104.651,-169.857,45.903,-87.945,154.131,-3.669,-50.016,-168.630,-100.557,-197.945,11.114,-22.597,160.298,-62.480,10.760,54.740,119.732,32.014,-6.523,-0.828,60.787,-33.157,-26.999,-172.896,-337.542,-416.778,-541.878,-427.361,-292.562,-280.868,-476.317,-422.112,-348.537,-375.867,-567.476,-397.203,-254.855,-254.758,-347.488,-318.335,-259.553,-290.962,-299.803,-271.585,-259.402,6.012,58.349,-141.071,-152.562,-336.537,-13.122,-184.794,-115.553,66.539,113.254,4.869,-298.771,-217.378,-394.095,-501.288,-529.947,-445.291,-342.815,-134.324,-96.398,-292.935,-170.821,-242.823,-157.519,-282.838,-151.974,87.298
-245.626,-158.639,-112.895,-103.745,-306.425,-142.308,-320.423,-336.504,-203.929,-229.725,-165.721,-40.107,-69.165,-76.074,-10.157,190.778,190.963,267.173,231.934,359.815,170.206,380.345,194.421,216.705,184.963,285.644,220.845,471.883,342.888,427.192,171.705,234.164,201.477,371.757,305.670,368.961,341.727,380.360,200.713,328.815,176.421,-34.013,-50.403,-184.002,-171.113,-77.508,-134.137,-321.797,-260.966,-235.275,-185.414,-454.235,-344.121,-350.694,-406.515,-584.635,-482.964,-290.587,-235.821,-314.554,-210.354,-182.105,-61.923,7.789,-213.218,-176.475,-403.037,-120.773,-318.972,-267.883,-137.887,-76.946,-116.292,-405.786,-344.702,-527.017,-681.402,-903.679,-875.696,-830.103,-707.656,-646.975,-838.118,-679.979,-761.162,-751.291,-802.365,-658.128,-404.046
-634.817,-608.507,-407.694,-336.908,-524.354,-393.126,-668.537,-612.947,-418.282,-383.248,-364.861,-96.333,-2.157,115.975,157.003,326.991,377.117,492.093,544.860,544.884,361.839,456.849,270.289,381.419,416.996,555.512,565.642,851.450,682.695,654.628,396.262,440.880,373.640,627.756,632.029,800.569,664.395,615.428,394.716,558.875,425.730,231.510,229.059,140.221,70.212,119.381,-34.178,-229.017,-99.320,-108.877,27.716,-254.527,-233.211,-447.404,-513.811,-699.790,-508.833,-200.580,-108.048,-211.375,-56.955,-41.328,-75.189,-38.424,-215.760,-150.622,-433.203,-281.258,-460.587,-440.993,-410.206,-345.647,-322.443,-497.991,-519.499,-657.250,-795.209,-1157.531,-1136.615,-1186.020,-1135.437,-1066.392,-1298.912,-1148.819,-1236.747,-1251.192,-1203.255,-1045.900,-849.632
-781.837,-830.357,-523.477,-386.291,-517.836,-458.249,-815.653,-707.247,-546.911,-479.723,-519.288,-171.751,-22.725,145.221,188.718,281.705,375.557,510.345,641.908,521.296,417.566,355.614,183.982,346.540,391.295,560.523,652.266,920.317,796.418,690.197,466.321,491.558,451.357,741.789,804.832,1034.727,772.425,634.273,431.094,554.836,471.404,357.197,317.223,316.751,206.022,218.577,1.040,-205.289,29.329,13.733,196.536,-44.940,-112.879,-481.176,-514.794,-636.299,-387.876,-33.983,36.256,-46.181,96.838,88.481,-37.812,-64.339,-151.074,-78.363,-415.735,-417.044,-532.651,-548.970,-610.167,-545.036,-497.398,-517.494,-642.186,-729.667,-777.231,-1176.420,-1106.013,-1252.089,-1241.391,-1184.431,-1470.247,-1356.972,-1474.581,-1448.780,-1317.843,-1153.161,-1072.878
-597.274,-695.412,-377.046,-209.892,-253.606,-260.194,-653.124,-539.540,-486.777,-436.735,-514.397,-187.365,-71.321,56.354,108.237,119.971,216.367,342.488,474.626,292.327,307.876,119.571,-34.012,112.183,102.573,274.733,424.572,603.100,583.308,459.177,303.718,313.625,347.383,618.180,685.202,910.414,587.288,424.366,284.699,344.946,331.600,327.415,229.575,321.704,208.183,187.743,-5.354,-209.383,112.582,123.784,272.704,105.274,-24.782,-404.505,-394.597,-425.741,-193.728,116.454,119.956,81.805,137.591,115.646,-0.395,-82.415,-64.042,2.526,-360.556,-457.407,-484.483,-534.124,-637.617,-573.684,-552.653,-448.791,-640.706,-706.677,-619.172,-951.345,-800.240,-1001.265,-1001.592,-980.236,-1291.610,-1215.033,-1390.876,-1281.032,-1119.533,-964.710,-1008.465
-157.676,-258.553,-22.815,116.217,158.100,130.309,-239.490,-181.896,-250.098,-255.806,-324.864,-104.195,-93.711,-68.238,-31.125,-61.484,-20.639,68.143,97.281,-57.865,57.009,-162.453,-300.485,-225.287,-321.451,-186.061,-9.486,32.813,113.050,23.609,-47.643,-48.074,67.805,276.233,294.740,461.020,197.253,101.967,40.453,71.702,126.101,208.732,80.543,222.384,117.999,55.885,-13.952,-189.369,145.473,206.110,240.356,157.860,8.743,-228.714,-202.954,-175.361,-43.936,156.324,83.247,85.511,-0.091,-14.778,-27.885,-119.302,-15.366,43.241,-288.696,-368.644,-312.370,-386.205,-472.084,-412.140,-457.462,-312.263,-496.976,-577.046,-366.350,-572.147,-354.030,-542.559,-538.315,-572.985,-861.779,-801.714,-1043.986,-854.802,-728.926,-613.393,-729.914
339.069,272.131,377.465,439.689,522.213,524.816,222.050,170.639,29.097,-35.413,-46.533,37.661,-85.100,-170.130,-182.670,-194.685,-248.638,-212.405,-352.551,-402.593,-262.155,-397.685,-518.221,-521.244,-685.970,-616.685,-428.933,-510.111,-394.726,-429.962,-428.582,-439.769,-275.135,-142.842,-181.838,-93.991,-189.165,-151.640,-153.712,-95.980,-1.006,101.214,5.035,126.383,14.731,-104.314,-0.457,-122.801,119.842,233.677,118.046,113.135,-12.247,-31.070,-35.013,-13.875,-37.735,37.857,-86.442,-62.668,-290.457,-284.341,-157.878,-194.158,-47.966,11.127,-221.943,-171.981,-63.893,-144.452,-175.677,-119.869,-243.673,-142.800,-247.201,-355.756,-87.212,-167.835,63.998,-52.796,-38.619,-138.232,-364.877,-304.745,-586.717,-374.446,-334.059,-293.368,-396.066
682.762,649.095,642.929,613.729,665.323,718.026,491.926,306.246,168.169,80.703,149.958,134.666,-92.485,-245.651,-323.847,-268.068,-406.079,-413.453,-708.495,-626.167,-550.776,-525.583,-615.508,-650.934,-826.457,-820.741,-612.098,-744.158,-678.235,-676.163,-637.695,-668.404,-512.068,-439.234,-493.268,-468.595,-362.235,-192.793,-173.699,-63.441,31.654,76.672,72.564,112.943,-32.697,-214.819,28.131,-31.785,28.608,180.267,-48.833,3.537,-68.262,85.588,19.961,-21.176,-198.885,-211.327,-343.675,-313.606,-622.608,-600.977,-371.092,-300.776,-161.575,-90.979,-174.789,63.070,179.260,118.671,139.489,198.690,12.208,29.173,38.440,-80.161,161.478,163.051,343.868,318.827,347.273,192.564,39.092,92.244,-175.178,-20.939,-77.307,-140.790,-151.962
759.474,716.340,667.844,571.924,527.710,601.529,426.937,119.388,47.105,-8.725,120.399,84.644,-173.752,-328.249,-447.444,-308.599,-465.602,-483.703,-840.825,-666.467,-716.595,-532.478,-569.414,-563.962,-686.626,-705.227,-450.797,-538.732,-573.160,-568.611,-536.768,-600.221,-505.189,-458.984,-465.139,-473.868,-233.049,1.461,4.375,136.017,197.720,140.872,247.391,189.738,-1.000,-229.370,42.890,36.080,-117.645,44.879,-201.127,-119.836,-125.980,59.386,-65.122,-179.551,-453.376,-492.427,-596.686,-560.508,-850.479,-835.339,-590.190,-402.756,-307.038,-220.999,-149.130,250.297,335.942,326.602,362.685,439.996,220.473,182.951,283.548,194.458,351.645,387.781,477.159,514.889,566.397,386.687,288.868,304.368,107.500,141.377,18.816,-157.535,-48.047
598.755,484.316,469.549,355.635,189.305,224.956,60.510,-322.463,-310.554,-292.911,-158.327,-139.388,-343.460,-440.811,-540.082,-338.683,-424.460,-410.432,-704.829,-529.506,-705.142,-443.319,-406.543,-301.227,-339.138,-324.147,-5.857,12.907,-106.585,-125.491,-132.159,-236.620,-228.192,-182.231,-105.651,-129.064,114.668,318.737,285.007,365.862,385.411,239.995,418.169,299.885,84.634,-149.811,20.250,46.172,-276.977,-130.726,-281.384,-201.674,-145.933,-81.016,-228.963,-375.820,-657.138,-672.945,-738.235,-684.146,-859.307,-875.731,-709.498,-445.009,-403.852,-311.437,-132.349,329.053,363.393,429.344,431.002,539.372,311.514,300.653,428.587,402.072,476.427,523.935,528.932,568.816,653.255,491.387,420.271,366.079,269.113,175.404,42.114,-225.325,-28.174
338.135,110.486,167.226,82.427,-181.691,-230.528,-416.356,-809.966,-739.698,-643.516,-561.550,-456.093,-545.952,-557.747,-570.799,-344.776,-291.938,-215.144,-352.976,-275.272,-518.738,-301.193,-185.911,29.735,57.412,150.094,524.724,641.186,510.062,468.362,416.029,276.450,210.123,257.838,392.207,348.031,475.219,575.367,505.897,473.754,471.674,303.690,476.206,370.597,177.852,-15.479,-32.955,6.863,-381.313,-268.852,-249.705,-195.786,-93.537,-220.643,-346.815,-457.653,-664.493,-643.504,-686.410,-603.882,-615.270,-675.468,-642.664,-377.395,-374.669,-296.269,-100.509,294.694,279.345,422.421,350.943,488.388,260.219,359.673,443.905,480.529,530.391,593.526,565.743,549.647,668.718,564.707,500.723,373.488,365.913,199.788,108.697,-198.803,9.775
132.913,-197.552,-90.963,-122.545,-423.943,-550.755,-762.208,-1104.947,-1021.441,-880.869,-879.753,-709.923,-678.655,-608.831,-503.585,-283.632,-86.450,53.008,91.603,12.584,-216.087,-148.219,25.823,306.048,339.572,512.134,906.857,1042.380,988.696,949.651,867.934,715.668,616.516,641.348,757.666,668.372,644.628,623.267,533.831,388.161,401.620,294.950,390.579,368.047,247.172,124.422,-75.692,-30.802,-364.266,-289.895,-97.390,-77.767,46.926,-220.761,-298.106,-316.865,-405.501,-370.155,-421.409,-313.130,-176.799,-271.602,-365.597,-180.199,-182.398,-140.775,-27.836,199.317,154.867,345.018,187.694,329.191,93.879,335.852,333.626,394.250,497.917,587.093,594.638,497.563,637.918,611.180,554.350,395.332,437.183,288.758,267.337,-14.700,125.489
68.335,-297.288,-207.677,-191.781,-465.580,-602.548,-817.805,-1070.431,-1006.505,-874.813,-936.994,-756.589,-653.725,-525.510,-327.461,-122.149,157.729,325.722,486.695,257.059,108.425,-15.388,177.236,442.830,415.958,622.356,986.331,1036.978,1115.078,1110.450,1025.293,892.136,813.585,779.748,797.795,642.166,542.920,437.468,347.381,164.927,224.047,234.091,230.491,320.149,294.991,236.597,-55.275,-5.024,-198.206,-157.098,145.880,143.829,259.911,-5.825,-40.553,44.973,67.806,82.351,-2.598,114.792,333.080,231.200,66.538,120.604,147.040,138.239,99.313,120.815,78.632,257.603,29.462,131.839,-119.129,218.868,133.171,156.833,362.137,467.548,557.148,397.008,532.524,570.581,534.520,416.895,466.110,412.958,456.669,256.065,283.053
124.115,-179.884,-178.850,-142.314,-349.313,-399.114,-587.965,-742.368,-700.629,-620.050,-694.224,-549.471,-458.165,-297.596,-80.997,120.401,385.886,530.064,725.266,407.736,359.459,79.956,247.471,426.130,303.644,469.949,759.456,657.948,859.024,904.983,835.143,748.883,734.536,619.319,509.616,290.771,260.449,131.932,55.054,-45.448,60.825,181.661,119.272,291.655,346.672,312.133,56.433,113.522,82.172,94.811,416.149,422.186,495.283,378.447,353.319,506.378,593.764,570.132,445.382,552.410,776.128,701.518,537.297,456.543,528.183,471.921,269.758,116.643,109.324,209.696,-55.040,-34.786,-296.323,29.269,-98.924,-161.128,128.515,210.894,381.262,203.831,307.018,367.670,363.374,354.837,394.015,460.629,544.750,448.991,371.234
205.394,41.458,-79.777,-53.489,-191.468,-82.136,-227.415,-302.258,-260.113,-239.748,-273.676,-172.651,-170.601,2.489,152.046,363.592,533.442,610.919,771.290,448.782,477.262,134.739,251.649,313.856,110.549,170.885,364.666,123.414,383.605,469.853,417.702,390.182,458.042,269.731,80.673,-167.735,-0.684,-107.475,-165.483,-91.089,28.435,192.004,148.898,329.212,418.305,355.193,235.959,295.528,386.886,367.408,632.564,679.012,679.921,775.285,722.727,880.251,970.672,927.486,777.065,865.250,1046.480,1027.000,913.914,738.508,846.224,761.107,443.634,188.480,241.256,214.244,-45.945,-127.488,-374.011,-178.136,-296.101,-450.791,-157.252,-149.490,52.114,-97.505,-42.040,-14.078,7.946,129.978,175.381,323.014,424.076,413.963,284.541
213.640,209.226,-9.090,-12.638,-104.621,165.882,57.527,31.483,100.447,85.964,112.451,202.919,80.477,251.081,281.463,504.252,553.566,555.561,665.376,398.636,461.600,162.094,235.323,206.752,-22.693,-94.950,4.695,-286.466,-49.729,46.368,1.221,24.701,161.895,-60.504,-223.857,-451.272,-55.001,-134.940,-173.830,83.235,159.572,268.554,310.496,415.624,487.573,363.396,409.049,461.997,607.723,542.561,724.214,826.513,743.317,994.952,898.143,1006.270,1051.618,1037.929,885.686,962.036,1098.834,1146.446,1098.333,888.774,1001.706,912.907,562.280,278.754,403.211,242.416,24.357,-140.434,-332.696,-332.768,-404.941,-608.533,-416.081,-513.733,-351.882,-452.619,-441.710,-490.357,-465.188,-255.362,-168.167,-15.615,97.166,120.589,9.522
110.651,215.811,-26.494,-61.364,-131.316,226.769,131.239,128.375,233.158,224.396,287.213,416.588,193.841,345.723,264.613,481.753,448.327,407.466,501.045,304.331,371.996,191.755,257.921,202.752,9.605,-173.185,-155.471,-376.759,-224.172,-150.820,-200.939,-147.622,21.010,-185.175,-220.799,-385.215,146.567,64.156,43.872,393.179,373.631,351.581,487.787,467.932,491.650,316.969,482.197,524.327,666.283,540.271,656.744,799.877,647.931,918.590,791.827,833.058,816.848,885.934,751.498,828.303,952.052,1059.039,1061.275,869.725,949.925,877.168,570.344,302.333,493.483,242.128,93.731,-100.667,-203.421,-381.921,-406.000,-585.187,-569.118,-756.001,-686.908,-746.342,-763.252,-900.365,-900.971,-691.841,-536.060,-445.801,-306.501,-308.282,-344.750
-61.319,60.489,-119.460,-171.625,-225.301,109.628,3.334,14.048,139.856,165.296,212.653,411.042,160.034,273.751,142.033,327.501,281.844,256.957,383.310,229.822,301.992,262.766,368.092,353.616,232.887,-5.480,-60.653,-128.165,-77.160,-44.437,-102.444,-42.823,108.223,-47.533,80.299,-9.488,479.503,357.966,358.019,654.846,516.364,349.049,521.433,385.287,358.898,187.393,389.435,432.293,547.087,358.621,447.147,587.626,410.311,568.258,448.949,446.214,385.353,563.407,453.905,530.103,673.791,813.427,845.796,697.165,717.243,666.849,441.415,196.501,434.192,170.632,106.316,-50.221,-51.250,-320.343,-323.478,-413.277,-579.055,-792.180,-820.252,-860.439,-887.755,-1086.835,-1131.308,-1010.167,-790.968,-782.370,-596.136,-658.348,-597.130
