-194.614,-165.181,114.507,103.766,35.839,174.342,143.388,-78.365,-38.843,153.376,-5.006,-48.500,176.673,112.598,-21.687,-70.206,-23.203,31.444,-142.982,0.960,-69.587,-221.137,-276.422,-343.512,-290.327,-305.155,-146.799,49.538,142.123,130.256,181.455,342.541,407.757,133.116,311.867,122.117,156.635,351.957,196.581,156.217,219.209,302.261,282.311,364.580,277.748,536.444,574.241,386.396,282.791,240.991,186.646,133.118,341.913,399.105,112.620,70.823,33.120,-6.363,-75.836,-6.604,-186.976,-221.206,-249.696,-333.199,-394.038,-562.159,-642.173,-572.262,-484.685,-609.152,-521.823,-571.536,-792.414,-581.326,-468.310,-557.139,-732.644,-639.470,-698.829,-498.060,-388.404,-293.729,-328.058,-17.321,-156.471,-164.256,-217.972,-194.191,-234.034
-240.426,-167.812,-23.821,-100.792,-149.200,-60.204,28.272,-278.270,-246.510,-30.825,-55.788,-79.761,173.703,72.109,5.480,-59.861,-87.470,34.058,-40.121,105.756,111.688,56.182,-51.120,-98.388,-20.912,-28.932,168.092,412.542,451.922,534.334,444.252,516.809,589.974,383.463,509.240,262.521,372.078,524.779,353.754,260.464,324.274,344.970,272.501,326.845,153.314,346.635,322.871,168.721,-77.873,-43.616,-62.778,-174.381,-79.595,15.670,-202.642,-241.028,-321.671,-332.866,-362.490,-344.988,-532.827,-489.409,-461.305,-524.417,-615.275,-750.214,-862.859,-786.212,-797.723,-958.137,-861.549,-834.283,-936.780,-728.263,-647.354,-718.758,-882.005,-829.569,-886.616,-773.991,-643.784,-566.127,-578.531,-273.516,-328.892,-301.717,-213.021,-231.652,-219.398
-6.002,49.295,9.153,-68.277,-94.803,-114.513,-9.901,-300.770,-280.742,-110.175,27.838,-24.133,199.919,82.073,50.420,6.162,-63.520,-1.198,3.815,129.510,189.183,260.246,119.840,87.143,187.299,204.327,384.688,638.886,687.157,825.849,647.098,665.700,732.886,653.355,647.252,372.964,536.455,623.586,498.241,414.744,426.141,366.767,310.099,300.590,85.003,184.977,102.965,-21.978,-347.807,-273.873,-300.566,-373.074,-394.345,-238.094,-332.454,-385.203,-452.820,-407.296,-436.000,-456.949,-614.961,-508.350,-454.405,-475.240,-540.618,-600.638,-710.260,-702.375,-802.993,-920.571,-851.351,-803.435,-771.230,-597.966,-539.562,-611.766,-690.824,-680.660,-732.203,-693.375,-566.849,-543.481,-504.132,-246.446,-241.080,-232.823,2.234,-55.959,16.972
465.979,437.080,266.287,263.055,259.198,100.441,122.494,-54.090,-43.063,-0.646,248.945,145.247,288.363,185.341,143.965,133.295,62.054,-26.225,7.210,100.944,187.828,347.483,181.510,153.788,246.425,305.788,421.746,645.200,776.747,925.881,731.312,742.608,789.445,831.967,683.108,429.494,603.652,636.642,595.798,578.333,528.306,412.785,434.976,362.975,158.145,179.054,68.030,-58.197,-360.560,-299.802,-363.072,-320.296,-405.954,-210.489,-186.684,-254.751,-272.104,-164.833,-243.306,-288.612,-391.110,-259.517,-225.559,-199.795,-196.793,-167.139,-248.862,-369.106,-507.361,-523.371,-507.894,-505.106,-384.751,-237.112,-212.232,-301.763,-260.605,-284.754,-328.171,-315.081,-210.936,-263.335,-176.156,-1.502,16.112,-41.981,287.757,206.097,321.193
1004.065,856.016,671.807,778.120,798.727,511.798,414.348,394.354,409.812,275.858,524.447,381.893,410.405,341.602,258.644,267.980,226.159,-24.665,-19.860,39.425,137.605,305.421,118.467,84.771,127.257,236.701,273.534,450.815,701.991,821.415,670.481,708.428,728.937,836.127,605.471,426.297,563.639,574.955,619.860,695.355,623.511,511.815,643.802,546.268,390.593,369.040,262.401,100.720,-81.016,-70.389,-174.743,-9.516,-82.514,98.864,182.589,116.255,145.674,302.302,138.268,81.733,38.486,143.629,119.292,181.099,261.153,364.173,319.501,65.137,-43.263,51.551,15.961,-58.035,70.777,223.015,191.215,78.071,223.431,171.382,140.831,169.864,245.740,115.450,217.548,285.616,271.829,130.378,463.815,370.298,481.726
1383.262,1138.473,1051.759,1235.326,1281.806,916.777,744.851,844.261,885.509,594.917,720.311,579.644,487.779,444.688,318.930,322.977,317.465,-21.975,-83.053,-56.012,49.476,149.382,-42.657,-91.131,-126.972,25.522,9.275,156.994,497.280,561.769,479.335,554.850,559.614,656.058,438.941,373.046,441.675,457.979,556.913,713.425,682.413,642.924,874.026,800.471,708.327,675.349,591.702,383.252,368.206,329.269,202.666,419.560,421.074,537.915,605.036,564.345,603.049,791.768,543.270,491.121,488.755,519.264,422.669,503.271,629.746,768.469,757.259,428.237,397.942,562.530,508.324,380.237,450.207,623.338,522.473,391.485,581.440,501.537,493.838,545.214,597.784,406.605,486.942,442.825,382.305,180.415,425.804,316.710,366.777
1431.238,1166.188,1223.118,1395.864,1465.132,1095.604,948.878,1072.498,1158.720,794.054,722.371,628.484,441.869,390.205,252.212,234.158,244.918,-59.220,-186.841,-188.762,-77.732,-79.744,-243.222,-311.764,-419.642,-246.722,-264.073,-114.061,227.933,231.853,208.020,315.336,333.986,363.033,233.974,287.792,283.044,302.852,409.379,602.557,659.393,734.284,1022.277,1007.002,973.999,936.597,874.933,644.702,770.680,717.719,599.138,756.056,848.339,886.158,881.175,880.720,886.843,1095.999,805.958,779.006,787.111,714.500,558.729,642.001,759.464,894.459,907.013,605.568,656.395,826.939,798.191,677.646,668.380,843.498,692.789,556.840,717.016,606.895,636.655,681.592,718.396,500.719,546.441,406.677,316.146,106.501,213.104,73.529,18.370
1111.170,923.373,1091.755,1157.458,1239.309,939.080,914.264,962.264,1097.535,762.599,503.887,480.999,249.305,150.583,46.467,11.854,3.495,-151.506,-310.066,-336.395,-230.252,-318.479,-411.319,-503.220,-642.757,-484.378,-454.376,-282.432,-40.698,-83.108,-75.961,54.321,128.663,73.223,46.659,189.824,132.924,124.378,197.838,368.982,517.188,700.507,992.569,1040.066,1056.306,998.817,948.050,748.290,935.123,913.432,828.464,835.077,984.630,974.537,886.556,920.613,879.443,1104.980,841.363,862.500,853.528,679.095,493.344,567.965,623.568,733.282,759.253,582.538,670.617,798.821,826.623,773.655,716.251,847.528,700.359,571.677,647.982,512.160,591.617,592.101,615.586,419.608,451.483,254.308,166.331,6.685,-13.129,-192.772,-360.692
538.380,499.219,702.661,612.972,692.541,513.371,650.327,572.254,737.735,504.633,148.972,187.977,-32.579,-193.041,-226.324,-249.979,-307.910,-263.601,-398.372,-440.157,-360.016,-491.061,-483.884,-602.891,-720.778,-617.603,-523.290,-339.978,-266.034,-325.099,-310.730,-161.666,6.399,-112.913,-83.118,95.003,21.196,-57.402,-38.723,58.727,257.323,497.937,749.586,840.285,901.273,804.301,757.397,640.884,800.080,832.599,790.164,628.496,774.929,772.951,632.952,676.293,611.908,850.648,674.698,760.097,721.340,476.080,289.413,348.781,319.190,408.748,439.288,431.110,490.277,568.313,656.187,689.788,640.946,688.827,611.938,496.314,479.398,336.638,464.281,404.471,410.751,290.386,346.683,144.167,82.696,9.421,-72.353,-279.500,-525.728
-77.108,40.750,213.550,-1.455,63.538,21.883,283.864,102.253,260.351,137.598,-185.647,-121.847,-288.907,-486.760,-440.836,-417.943,-533.003,-323.235,-385.879,-427.625,-395.665,-530.975,-426.487,-576.867,-635.831,-624.617,-492.071,-333.567,-433.120,-473.154,-458.766,-295.279,-18.842,-161.995,-146.299,13.138,-43.314,-212.908,-249.151,-252.937,-64.710,162.113,345.640,454.600,562.585,426.309,387.093,378.771,462.489,531.331,521.561,256.434,348.141,397.965,254.255,274.003,233.113,473.481,408.627,558.756,495.589,230.347,60.374,101.770,6.266,99.845,127.649,256.291,235.921,292.721,420.708,505.536,508.169,474.623,513.864,409.552,337.427,219.653,371.094,271.405,256.045,256.534,361.206,204.262,167.761,181.159,114.794,-81.596,-345.946
-530.831,-316.948,-191.483,-437.531,-389.454,-312.865,-15.482,-224.388,-113.267,-172.768,-352.106,-309.177,-407.236,-588.847,-487.337,-393.095,-544.281,-265.398,-235.642,-258.151,-282.876,-408.603,-245.292,-427.500,-425.168,-527.244,-415.004,-318.665,-543.399,-535.702,-514.342,-353.469,8.312,-121.124,-166.106,-54.011,-70.749,-311.128,-385.998,-486.040,-354.512,-200.257,-97.521,15.587,171.185,27.242,4.691,89.009,113.695,167.816,169.959,-86.150,-63.847,40.692,-71.441,-100.038,-80.751,137.867,156.011,353.217,283.003,52.914,-94.950,-69.702,-176.665,-56.050,-36.308,138.763,33.900,106.058,248.371,315.682,369.696,309.510,461.470,362.174,300.573,241.774,370.682,274.908,240.897,380.681,518.107,439.205,401.519,469.880,463.592,326.458,99.395
-714.081,-505.769,-396.259,-566.486,-526.088,-375.255,-133.631,-288.971,-244.664,-302.631,-290.714,-300.085,-339.227,-452.168,-336.633,-170.026,-317.218,-78.102,28.241,39.467,-28.102,-151.292,13.230,-190.277,-156.733,-367.270,-339.724,-316.391,-598.385,-533.751,-497.713,-376.641,9.434,-85.839,-185.234,-113.779,-84.179,-338.452,-427.102,-587.098,-520.975,-464.509,-445.081,-329.152,-138.583,-235.561,-240.384,-108.814,-77.318,-91.859,-96.807,-242.740,-261.609,-139.877,-216.521,-299.024,-219.307,-50.456,-16.696,198.852,140.086,-11.173,-135.886,-119.176,-172.513,-23.835,-13.851,105.786,-37.429,59.756,201.226,190.437,250.154,246.705,453.367,352.697,363.308,383.274,436.008,380.927,342.180,598.679,714.342,715.595,643.309,722.540,762.682,716.157,549.135
-648.758,-538.238,-399.780,-433.978,-387.254,-214.111,-72.592,-137.571,-145.987,-232.637,-61.010,-125.277,-127.301,-152.379,-59.508,156.224,53.515,182.392,321.762,366.691,287.414,158.675,276.362,78.241,101.660,-181.047,-279.472,-301.571,-590.500,-485.545,-439.793,-407.500,-79.080,-140.679,-243.139,-180.009,-111.623,-314.617,-390.811,-553.069,-523.404,-555.965,-613.219,-494.811,-301.332,-299.107,-302.020,-171.355,-61.555,-166.581,-185.991,-180.256,-186.644,-96.075,-161.553,-282.992,-180.462,-79.134,-103.130,103.992,67.373,15.872,-80.172,-59.991,-13.773,133.993,137.145,139.677,32.831,121.442,259.588,154.356,153.113,270.224,441.306,336.393,448.317,540.160,479.717,468.560,445.327,753.953,783.723,836.751,711.782,769.254,793.800,829.331,703.557
-453.602,-478.052,-292.467,-209.867,-150.191,1.014,63.373,62.157,45.241,-48.042,194.160,100.889,119.321,156.449,212.715,441.125,406.340,418.905,539.490,599.184,539.620,413.048,469.720,317.627,304.127,12.173,-212.620,-226.789,-506.908,-399.815,-364.947,-458.205,-260.283,-305.671,-352.454,-264.446,-175.646,-289.477,-331.264,-433.701,-394.561,-490.138,-604.372,-496.516,-346.598,-223.871,-253.389,-148.097,71.167,-95.760,-123.484,3.958,59.640,98.690,12.821,-119.628,-44.461,-4.849,-128.168,57.112,43.128,85.123,30.229,64.175,215.973,315.274,316.539,208.280,202.959,220.180,351.494,188.530,75.866,314.467,366.769,260.459,457.830,587.353,415.049,413.324,421.578,693.120,604.030,662.666,496.084,525.570,464.443,531.418,402.521
-266.261,-390.031,-182.314,-69.830,-7.784,94.089,143.915,136.960,163.209,119.825,330.857,248.569,284.303,331.500,362.548,569.334,601.643,546.594,609.210,651.928,625.399,522.887,543.932,480.861,432.374,204.143,-106.685,-63.468,-342.816,-278.476,-280.176,-496.617,-461.957,-518.896,-485.630,-364.076,-280.802,-315.224,-309.551,-306.804,-222.614,-358.358,-493.566,-423.619,-362.623,-144.459,-225.032,-136.397,162.225,1.931,-20.726,154.338,292.678,308.407,188.350,74.336,94.783,103.651,-106.124,60.098,63.019,167.742,167.480,215.065,436.353,446.895,446.338,291.164,409.919,300.532,403.026,249.686,20.563,308.359,202.373,104.630,334.973,454.078,215.948,172.902,214.161,366.738,182.659,202.866,31.627,51.700,-125.995,-96.976,-266.942
-167.654,-301.451,-121.985,-86.010,-49.483,-6.449,99.240,20.748,118.547,172.301,284.337,246.133,304.039,320.461,349.562,513.852,593.120,537.946,529.156,525.945,520.276,457.972,492.282,546.182,488.276,382.508,50.777,168.915,-114.487,-124.671,-175.953,-462.110,-565.826,-665.554,-580.627,-452.021,-403.581,-407.389,-353.157,-236.212,-99.796,-266.452,-375.221,-369.676,-422.467,-173.206,-306.399,-205.383,96.925,17.502,10.678,161.067,365.374,420.479,283.742,209.347,191.844,212.159,-21.629,137.394,151.490,272.413,331.284,376.779,605.767,520.309,505.411,384.041,596.181,349.226,378.230,294.385,-4.554,219.228,-24.700,-96.059,101.828,170.398,-58.293,-176.291,-118.154,-125.270,-331.851,-374.411,-505.913,-468.183,-728.240,-787.426,-1000.709
-149.707,-196.515,-84.098,-194.279,-216.751,-229.371,-39.578,-207.943,-54.530,94.367,100.691,115.306,193.696,181.898,224.133,341.179,439.954,431.046,364.166,306.112,292.775,258.713,350.629,519.363,482.211,520.856,234.784,404.916,137.256,49.521,-38.455,-303.983,-469.269,-638.792,-567.051,-481.619,-493.438,-521.130,-428.802,-235.002,-67.871,-265.298,-304.122,-365.610,-522.514,-318.925,-476.096,-339.655,-113.276,-70.741,-60.790,29.841,256.358,406.099,295.663,268.689,265.976,327.746,151.482,312.007,334.953,422.801,529.907,546.276,721.635,576.024,519.504,483.649,721.374,382.927,289.190,297.489,8.204,72.694,-239.598,-260.343,-146.459,-141.068,-288.257,-473.620,-426.266,-573.044,-720.957,-824.027,-887.068,-817.034,-1071.685,-1218.683,-1433.158
-139.248,-43.075,2.488,-253.640,-355.923,-415.895,-170.687,-385.408,-233.509,-49.433,-97.024,-51.284,27.546,36.594,85.790,162.241,256.689,297.631,203.171,109.532,63.750,12.906,178.503,425.737,425.029,583.324,389.535,564.505,356.123,219.776,132.963,-21.264,-148.189,-400.412,-403.676,-407.762,-491.316,-565.228,-451.557,-257.313,-94.999,-318.928,-267.708,-361.469,-576.640,-474.768,-608.231,-441.596,-332.883,-181.863,-164.703,-125.746,73.205,321.980,284.944,299.321,366.526,468.120,409.136,567.257,598.497,615.870,747.391,710.555,794.393,654.497,522.475,570.758,761.926,414.743,177.642,259.062,58.202,-61.760,-353.732,-299.086,-289.326,-325.669,-356.495,-560.409,-550.921,-762.227,-810.172,-951.071,-947.679,-856.179,-1007.246,-1185.323,-1332.602
-57.417,169.909,184.461,-153.357,-328.828,-428.956,-198.071,-377.114,-296.078,-165.302,-185.369,-152.850,-110.279,-15.990,15.892,62.426,136.975,194.435,105.451,15.670,-65.943,-190.509,29.965,295.836,326.251,541.896,454.293,593.182,487.816,351.987,312.845,320.042,314.066,-9.466,-109.706,-218.096,-362.293,-454.181,-333.405,-227.575,-100.558,-332.463,-206.396,-269.679,-473.491,-485.854,-553.275,-393.252,-388.626,-189.217,-179.562,-162.719,-26.674,259.052,322.502,361.008,517.842,623.415,689.059,827.409,863.511,797.352,927.135,833.051,820.600,752.024,521.297,609.362,708.845,430.324,85.523,199.510,133.309,-111.313,-309.267,-164.610,-246.219,-279.189,-213.493,-369.280,-412.754,-588.667,-562.138,-712.319,-674.538,-595.215,-584.431,-706.211,-727.097
124.819,411.371,434.293,105.602,-106.677,-243.564,-100.068,-169.739,-200.271,-190.055,-112.153,-142.045,-172.318,39.418,29.671,55.424,101.688,131.714,70.218,21.969,-74.619,-304.809,-70.927,152.051,196.028,395.058,393.000,486.314,497.553,409.839,450.175,605.261,751.133,396.861,228.870,43.771,-126.530,-171.297,-47.538,-93.037,-14.150,-222.888,-67.285,-40.726,-161.762,-255.804,-242.842,-139.206,-185.223,-11.916,-22.196,-6.616,56.836,275.970,433.673,472.856,686.230,744.097,884.165,979.835,1011.571,879.000,990.932,864.071,777.614,814.316,490.447,566.001,570.298,394.006,34.180,146.842,212.543,-44.129,-112.642,114.587,-25.691,-9.279,88.043,32.952,-61.693,-119.573,-97.861,-237.089,-211.368,-183.310,-21.214,-13.373,109.088
368.290,618.503,655.868,408.324,212.821,39.869,57.684,120.098,-4.341,-121.812,79.351,-47.086,-164.311,132.016,77.824,88.010,102.797,79.522,48.273,53.131,-27.828,-341.361,-136.663,3.478,47.028,175.061,211.763,285.275,380.552,365.791,485.532,718.933,983.478,661.570,486.891,281.860,132.863,198.280,331.876,131.797,168.532,13.962,145.837,281.286,292.981,175.644,249.696,263.692,223.984,320.177,284.849,294.793,301.175,361.608,577.840,594.873,793.788,767.230,896.495,932.645,947.508,791.559,886.071,771.255,643.902,772.681,397.471,435.900,376.336,280.349,21.698,121.810,271.822,107.160,159.790,434.054,269.010,357.966,410.177,472.246,341.934,432.909,363.765,241.152,215.967,170.975,413.241,570.333,798.859
591.942,731.522,743.493,602.001,472.397,265.165,172.603,325.046,182.174,-6.169,284.788,56.317,-126.170,162.788,93.166,88.548,75.230,4.825,-13.749,18.032,-29.263,-349.749,-200.935,-148.359,-105.561,-61.674,-42.994,51.781,162.824,212.970,379.316,599.793,901.101,677.571,553.640,384.816,298.256,493.769,646.846,359.284,370.790,286.495,361.421,564.580,721.483,636.004,734.736,664.576,658.364,672.535,614.940,596.822,577.823,448.569,674.959,655.556,769.385,662.797,699.700,674.168,663.973,538.994,629.907,569.490,428.655,597.365,238.284,255.277,176.883,105.519,33.851,126.840,289.502,256.699,388.663,652.739,483.954,632.958,591.483,749.656,604.810,812.597,613.598,502.415,412.445,305.664,535.522,795.322,1054.151
723.050,729.061,654.220,597.052,558.007,324.084,181.772,339.862,277.722,105.847,405.981,100.724,-95.205,80.767,47.038,23.812,-3.317,-89.845,-127.729,-122.614,-145.284,-375.721,-290.187,-297.134,-245.019,-255.841,-301.787,-160.694,-105.903,-25.783,138.045,275.201,518.303,435.879,388.387,282.699,275.000,559.125,730.636,470.646,474.412,455.471,478.015,658.897,932.518,907.049,1006.284,897.050,911.988,881.688,809.748,746.103,737.049,464.756,659.037,603.744,600.008,464.355,367.055,293.904,262.737,213.886,318.096,327.170,186.084,329.845,53.840,87.528,26.697,-68.549,56.454,143.352,250.462,306.929,461.023,655.778,488.733,653.936,523.890,735.921,595.568,842.312,549.624,443.487,304.669,180.389,330.321,602.163,811.679
737.337,639.776,442.488,424.521,467.599,224.028,109.054,191.289,281.237,193.933,406.487,71.065,-79.100,-75.601,-25.759,-75.085,-88.572,-156.723,-248.811,-322.176,-351.921,-424.332,-399.407,-421.910,-353.589,-366.336,-494.507,-321.070,-363.585,-296.499,-176.087,-143.303,-27.450,30.263,48.578,-6.259,49.574,335.998,504.029,385.146,392.137,419.289,428.181,487.107,817.397,845.515,956.647,871.177,873.263,853.161,776.633,674.884,702.942,385.266,521.461,446.404,344.693,257.151,40.484,-54.912,-88.626,-43.631,83.314,139.232,-0.849,69.091,-86.728,-10.840,-38.978,-165.334,79.517,139.191,149.610,199.372,321.184,411.193,244.307,369.213,206.488,430.485,308.021,506.294,216.100,115.899,-34.967,-115.715,-60.615,133.235,244.458
664.383,521.845,230.429,211.785,301.624,75.476,47.638,17.639,262.046,272.295,321.656,8.024,-56.592,-201.203,-51.906,-134.370,-99.177,-131.785,-301.411,-470.755,-540.213,-452.641,-488.050,-488.655,-412.860,-380.621,-568.892,-416.152,-549.004,-524.333,-461.154,-502.861,-533.025,-382.759,-327.933,-369.138,-287.428,-87.149,36.177,115.687,128.498,182.367,226.826,100.951,414.477,465.152,635.630,622.189,587.345,618.468,547.068,440.428,515.925,248.095,315.025,244.676,99.111,126.433,-146.656,-235.128,-245.762,-124.154,23.368,78.656,-61.894,-82.866,-127.443,-23.533,-24.742,-142.336,92.916,83.802,-4.586,-52.083,-0.556,-8.907,-171.346,-132.489,-251.253,-42.832,-138.607,-47.986,-229.751,-313.962,-436.815,-421.003,-427.629,-357.935,-346.936
558.409,424.190,130.885,94.518,185.545,9.883,89.049,-28.133,297.178,361.334,221.616,-28.620,-2.487,-196.294,23.237,-90.641,21.659,16.694,-229.131,-461.313,-579.248,-397.713,-500.587,-465.134,-406.403,-311.595,-501.504,-437.610,-615.563,-635.616,-613.711,-671.597,-816.271,-649.404,-582.417,-643.402,-574.631,-506.437,-472.719,-225.835,-211.115,-139.082,-29.574,-337.283,-106.936,-69.835,217.430,285.292,222.326,313.392,256.167,183.864,296.179,123.041,116.699,70.605,-66.374,98.673,-148.246,-203.104,-171.734,-18.055,140.404,153.424,17.551,-83.113,-64.253,15.160,23.267,-24.494,81.395,-35.226,-188.206,-363.877,-396.566,-456.397,-595.885,-661.206,-679.618,-498.320,-560.340,-586.192,-600.114,-654.351,-723.590,-587.583,-604.637,-642.556,-695.112
457.810,356.406,173.948,125.993,180.750,85.824,249.169,114.087,403.954,453.268,157.309,-7.722,84.296,-38.623,187.894,62.294,257.049,255.112,-34.720,-257.883,-399.231,-222.891,-401.043,-342.011,-326.536,-186.626,-302.601,-375.773,-544.582,-585.796,-573.789,-592.369,-791.042,-680.137,-609.315,-695.771,-659.461,-705.493,-786.724,-481.974,-472.780,-380.928,-215.701,-639.804,-535.719,-536.274,-104.439,12.102,-38.827,90.396,54.799,35.280,154.660,56.174,-24.646,-44.374,-152.534,117.272,-35.794,-36.563,35.880,169.921,330.632,295.397,179.571,22.107,45.733,41.157,39.535,102.747,27.219,-202.362,-364.944,-621.321,-726.636,-773.653,-859.865,-1016.232,-928.120,-775.656,-797.269,-900.283,-763.343,-777.910,-792.506,-550.442,-542.312,-622.857,-689.555
363.221,289.180,287.797,246.084,246.832,248.627,446.547,367.426,519.357,503.442,129.401,50.684,172.957,194.904,362.354,265.581,516.785,493.581,217.294,77.367,-42.783,47.362,-201.139,-147.057,-183.519,-37.561,-16.666,-228.188,-354.956,-382.114,-355.435,-304.717,-497.035,-481.467,-407.494,-494.510,-483.804,-575.816,-759.472,-534.497,-539.091,-427.044,-251.128,-695.372,-729.137,-773.264,-229.019,-118.721,-111.363,21.373,11.177,27.381,113.436,30.195,-118.942,-131.040,-227.650,74.398,42.214,107.244,196.012,275.072,436.350,390.927,316.920,120.840,113.459,0.877,-24.272,140.632,-78.151,-376.830,-495.989,-733.714,-879.752,-866.561,-870.199,-1082.292,-934.950,-808.794,-785.569,-901.457,-694.201,-669.307,-651.561,-347.949,-311.521,-358.970,-404.645
249.476,186.127,349.590,331.042,281.054,371.746,553.378,568.946,544.107,459.740,101.461,95.360,221.427,374.456,448.915,432.255,690.018,635.372,437.588,415.600,348.928,327.968,36.155,58.627,-11.368,103.051,282.600,-16.976,-104.134,-89.212,-46.450,73.105,-74.077,-147.137,-81.414,-133.736,-126.124,-184.737,-418.591,-371.555,-396.497,-277.958,-149.153,-527.026,-679.704,-760.827,-197.479,-140.319,-54.647,54.401,67.631,75.449,90.818,-28.470,-221.874,-255.906,-373.997,-116.168,-48.530,82.250,148.018,168.588,334.797,339.606,327.105,101.090,70.086,-113.429,-168.245,37.732,-220.843,-507.715,-554.045,-677.347,-823.665,-746.494,-655.913,-881.655,-751.494,-645.230,-578.805,-649.749,-469.856,-415.379,-399.761,-91.152,-47.896,-15.285,-32.220
101.624,44.987,274.457,289.091,205.705,351.418,487.911,582.888,421.942,311.678,45.255,91.758,211.633,402.789,401.507,503.720,715.982,636.157,564.169,631.839,609.075,511.792,222.237,203.773,136.395,201.340,506.349,200.806,123.894,188.380,225.103,392.362,302.895,184.172,209.529,208.072,229.489,252.913,42.845,-96.164,-143.648,-48.892,-9.022,-270.904,-501.455,-611.310,-150.960,-162.011,-21.972,54.062,83.489,38.657,-36.808,-196.350,-385.758,-462.482,-618.744,-449.993,-339.714,-157.985,-150.156,-160.240,14.187,110.870,169.167,-79.209,-88.538,-254.993,-337.468,-173.284,-360.943,-554.709,-534.421,-503.750,-617.056,-518.437,-350.546,-555.215,-509.655,-410.582,-311.863,-311.250,-221.680,-152.049,-169.657,95.228,122.456,232.828,230.530
-53.460,-83.054,82.421,134.315,39.010,188.313,284.267,399.712,196.412,121.013,-18.939,60.821,172.744,283.296,266.348,486.833,624.169,533.033,594.878,670.850,634.608,525.213,285.046,238.871,203.397,223.568,574.944,343.561,243.397,342.766,343.755,530.941,495.731,384.530,327.865,357.001,386.452,488.675,368.021,131.227,65.342,102.234,45.316,-90.149,-348.122,-483.614,-225.532,-283.375,-147.536,-99.393,-61.887,-175.898,-336.921,-486.910,-607.812,-721.073,-896.841,-813.564,-729.039,-526.013,-587.742,-585.738,-408.463,-232.344,-108.556,-360.033,-292.422,-346.083,-445.723,-387.144,-444.846,-504.415,-455.900,-309.114,-376.917,-320.916,-119.308,-283.490,-349.373,-240.020,-129.292,-69.563,-70.967,0.780,-64.852,128.187,134.830,278.363,272.430
-147.102,-114.957,-105.457,-15.332,-104.946,-3.099,85.966,151.482,-0.538,3.189,-22.304,75.487,171.433,122.933,161.196,445.509,514.305,421.191,578.758,568.420,439.490,368.280,204.722,159.564,154.162,144.732,447.271,336.988,197.756,304.402,255.057,436.656,450.630,382.954,221.884,233.757,242.489,377.813,376.384,183.597,109.271,72.164,-56.988,-77.528,-316.512,-477.418,-453.007,-515.265,-444.973,-416.512,-373.633,-535.158,-753.495,-817.825,-813.472,-925.947,-1075.212,-1034.688,-1028.121,-842.453,-953.918,-906.328,-741.783,-557.542,-387.091,-606.059,-430.504,-320.302,-418.844,-481.536,-429.796,-374.388,-349.490,-182.117,-217.264,-250.478,-70.119,-191.109,-344.898,-212.300,-115.487,-37.596,-78.551,-13.496,-120.778,-5.236,-3.631,113.299,97.756
-106.616,9.780,-144.756,-18.724,-92.952,-68.551,58.622,28.512,-28.480,61.082,105.376,210.451,269.836,64.027,200.796,451.785,486.919,390.385,572.842,417.178,141.022,115.409,22.764,7.809,-6.479,-37.198,143.044,152.658,-15.295,71.519,-12.332,142.316,205.901,186.229,-54.941,-104.095,-149.847,-38.241,62.569,38.285,-32.743,-125.536,-287.169,-206.062,-394.898,-574.651,-732.440,-761.315,-785.314,-773.970,-719.685,-882.795,-1119.814,-1039.952,-891.382,-949.542,-1028.725,-977.385,-1065.262,-932.774,-1050.880,-952.916,-820.006,-724.471,-534.709,-679.617,-409.529,-159.915,-235.641,-385.961,-308.021,-203.886,-241.310,-159.338,-191.688,-313.123,-198.016,-287.021,-469.290,-318.158,-260.249,-211.303,-226.775,-174.342,-300.393,-252.343,-236.245,-190.682,-205.058
90.585,274.991,28.484,181.323,123.563,75.316,273.788,148.917,161.909,308.719,370.700,475.825,475.592,186.431,414.166,529.506,570.060,461.610,594.811,301.555,-110.815,-124.085,-180.175,-150.396,-229.578,-289.593,-254.712,-168.561,-335.651,-285.681,-359.947,-249.445,-135.245,-129.493,-375.717,-491.160,-605.271,-552.715,-402.819,-213.735,-274.213,-371.636,-530.615,-355.631,-485.207,-662.945,-891.879,-874.767,-971.803,-979.603,-903.254,-1027.031,-1249.886,-1018.190,-762.946,-724.949,-723.502,-627.178,-785.532,-725.852,-805.178,-685.402,-594.858,-655.181,-475.357,-519.910,-207.239,91.490,54.992,-124.652,-116.447,-37.549,-140.846,-212.897,-271.291,-430.413,-394.603,-471.958,-615.919,-475.695,-473.347,-483.090,-435.764,-402.297,-518.882,-522.287,-488.321,-526.853,-521.910
383.193,572.543,337.425,498.608,450.915,368.597,641.428,467.273,477.258,637.214,681.531,782.076,717.946,443.764,709.323,630.184,692.891,567.089,605.561,245.420,-217.194,-262.303,-324.658,-257.987,-437.896,-545.868,-622.712,-523.746,-655.827,-648.114,-660.405,-602.891,-448.442,-449.084,-602.900,-738.660,-900.543,-906.401,-770.787,-424.538,-476.684,-517.328,-652.836,-395.504,-479.837,-622.193,-801.863,-756.186,-866.454,-890.504,-788.237,-862.432,-1054.694,-719.070,-444.392,-305.390,-255.022,-114.864,-290.852,-299.535,-314.925,-222.483,-168.642,-377.430,-232.141,-184.017,108.849,346.183,350.048,191.047,74.886,88.842,-43.219,-276.056,-370.233,-496.091,-517.195,-605.972,-664.235,-581.281,-636.788,-702.744,-602.493,-596.405,-681.590,-721.169,-689.027,-794.563,-760.474
640.549,744.406,593.690,738.092,688.849,627.979,943.279,787.043,719.445,855.169,875.488,968.681,871.478,678.822,914.544,660.178,727.769,590.563,535.932,206.294,-177.287,-272.882,-367.829,-291.285,-555.010,-722.952,-839.436,-785.179,-855.545,-888.785,-806.215,-793.598,-628.562,-657.793,-647.961,-728.009,-890.041,-927.864,-852.585,-476.275,-531.888,-476.339,-577.696,-268.786,-340.075,-415.174,-468.270,-429.324,-488.418,-511.509,-398.568,-449.405,-610.108,-250.450,-59.615,141.254,186.726,339.182,203.775,152.478,194.462,213.632,251.082,-18.541,77.927,174.489,407.784,508.998,534.329,416.969,191.231,154.453,55.563,-290.025,-403.473,-448.320,-476.946,-594.404,-552.020,-567.373,-666.005,-752.743,-644.884,-674.743,-719.221,-782.180,-780.753,-922.125,-868.165
724.758,665.612,606.175,710.157,646.288,653.836,956.666,875.807,698.258,790.673,805.803,889.400,820.716,714.265,877.339,544.215,577.106,445.775,341.568,118.291,-72.538,-192.600,-314.957,-262.379,-534.150,-750.651,-829.326,-850.827,-844.222,-915.764,-745.784,-747.108,-615.277,-676.798,-499.881,-463.545,-577.979,-620.881,-618.843,-345.416,-420.270,-275.219,-331.027,-25.905,-124.446,-121.791,-43.868,-43.774,-19.554,-10.246,75.599,2.457,-130.037,177.134,210.871,407.621,409.571,532.322,474.833,415.208,483.029,409.022,452.693,249.635,297.420,379.637,554.240,515.474,529.128,447.728,185.017,151.965,141.928,-242.430,-341.482,-312.034,-293.029,-440.871,-312.394,-436.717,-549.102,-601.378,-534.054,-604.360,-610.025,-684.546,-725.807,-874.926,-827.875
568.016,322.591,305.573,355.789,268.081,360.802,597.262,614.422,353.136,399.395,437.349,507.413,531.610,465.839,563.233,284.658,249.488,144.003,49.038,-47.046,-2.490,-86.633,-204.029,-200.401,-373.925,-600.568,-590.307,-684.729,-596.017,-702.225,-494.958,-462.072,-402.949,-486.167,-215.027,-59.225,-108.403,-151.303,-203.795,-106.942,-212.445,-31.890,-24.666,211.368,50.129,106.070,251.896,202.211,290.921,365.686,376.141,243.599,144.457,352.815,221.327,353.607,318.319,380.492,399.410,358.442,417.374,266.706,325.216,290.104,304.999,321.701,471.802,355.774,326.216,268.004,56.326,84.468,181.602,-173.094,-227.614,-183.324,-79.362,-236.820,-53.989,-256.127,-346.485,-311.040,-303.668,-411.842,-385.029,-459.345,-519.445,-659.874,-650.988
218.896,-162.074,-195.144,-198.390,-309.901,-152.063,-9.592,85.193,-193.142,-188.308,-108.558,-59.678,86.936,7.866,91.888,-23.939,-127.102,-195.089,-240.724,-245.601,-15.926,-2.415,-77.148,-126.777,-115.865,-301.407,-193.561,-330.216,-164.439,-295.273,-125.239,-12.714,-39.681,-131.148,117.484,327.826,318.045,254.492,183.009,120.155,-17.163,121.296,207.537,329.151,86.987,140.288,258.177,175.089,268.283,424.065,325.136,125.221,77.245,177.475,-57.360,-15.362,-35.287,-42.158,11.625,-0.566,36.195,-145.367,-87.312,67.178,77.174,14.310,180.383,77.596,-6.873,-41.740,-146.843,-33.841,137.266,-143.216,-146.289,-163.862,28.918,-96.450,104.077,-115.175,-154.133,-2.030,-33.940,-171.515,-116.670,-181.442,-205.850,-330.687,-379.482
-174.291,-580.577,-649.382,-696.430,-819.985,-641.931,-581.130,-461.462,-688.575,-718.279,-597.405,-580.784,-340.508,-453.329,-317.063,-238.898,-369.338,-401.978,-399.894,-378.543,-82.443,56.552,40.524,-43.329,171.530,66.398,242.506,106.983,329.451,196.792,261.211,470.238,381.098,288.771,411.334,575.653,550.009,436.317,380.408,248.194,87.780,119.366,282.141,291.631,-24.493,-38.607,-32.076,-112.371,-83.597,137.274,-65.571,-311.284,-286.945,-277.737,-513.131,-544.908,-480.093,-544.938,-520.536,-508.209,-472.666,-631.186,-608.606,-332.540,-296.212,-409.505,-209.595,-229.955,-351.744,-345.529,-347.687,-173.352,-0.782,-187.740,-161.374,-286.336,-35.716,-79.565,103.675,-73.962,-51.825,207.193,182.907,25.032,105.909,52.449,118.376,13.795,-90.858
-439.213,-745.251,-813.812,-893.642,-1008.728,-856.321,-830.765,-747.809,-888.758,-941.952,-798.439,-824.502,-568.925,-687.782,-462.069,-249.254,-345.234,-354.752,-347.549,-355.447,-121.988,119.800,140.933,57.432,412.471,394.560,591.423,495.457,732.538,633.679,558.702,836.535,737.833,646.051,602.477,643.968,553.051,377.337,359.429,268.114,97.041,-0.257,204.671,158.157,-199.117,-322.127,-464.412,-501.777,-578.720,-339.231,-591.748,-850.572,-747.568,-801.983,-942.643,-1007.511,-814.487,-918.454,-981.511,-950.774,-869.052,-967.005,-1016.500,-736.496,-652.003,-760.195,-543.453,-464.639,-583.834,-515.688,-470.113,-287.768,-191.280,-282.699,-264.761,-480.398,-225.101,-152.111,-17.603,-129.695,-63.786,253.363,281.441,107.274,208.436,156.114,328.133,250.945,111.495
-474.216,-592.507,-595.523,-700.187,-785.681,-683.355,-635.927,-634.520,-698.860,-755.317,-613.797,-685.340,-502.401,-571.638,-274.790,-44.622,-59.529,-58.639,-105.997,-163.341,-71.375,210.755,215.746,167.747,539.740,580.036,755.308,718.898,908.485,881.521,681.308,962.623,909.753,821.703,651.377,568.492,404.457,190.765,220.258,240.746,67.860,-129.175,55.029,39.298,-307.955,-533.333,-807.359,-773.912,-949.299,-750.818,-966.295,-1217.819,-1059.429,-1150.250,-1150.978,-1216.361,-906.521,-1034.091,-1209.506,-1154.765,-978.680,-1011.145,-1147.503,-964.337,-830.789,-881.417,-687.998,-543.506,-619.522,-488.293,-466.538,-323.707,-346.368,-351.363,-371.015,-605.479,-400.431,-210.026,-150.119,-220.832,-151.260,151.070,249.195,56.195,159.909,87.154,320.450,278.436,133.148
-307.638,-225.529,-119.905,-240.862,-284.449,-226.824,-119.054,-210.040,-236.251,-267.161,-144.850,-250.786,-187.909,-162.783,135.714,269.397,336.325,342.006,197.068,105.128,58.259,308.950,239.047,246.599,505.910,556.286,688.449,708.289,784.917,852.617,581.967,793.853,815.382,743.737,539.648,416.234,226.439,32.053,111.314,242.266,70.000,-162.222,-66.421,23.298,-258.156,-529.168,-878.959,-769.118,-992.068,-881.651,-978.393,-1225.980,-1064.750,-1166.817,-1047.921,-1114.296,-750.616,-893.181,-1161.105,-1061.022,-771.654,-766.550,-967.080,-911.301,-753.253,-721.671,-587.541,-431.242,-447.803,-285.560,-333.926,-242.605,-369.288,-309.021,-365.987,-534.999,-417.596,-151.356,-180.600,-266.016,-238.838,-23.145,128.019,-87.723,-13.693,-132.579,69.996,65.570,-61.509
-85.138,132.917,326.960,207.924,204.780,243.087,411.442,253.807,226.534,247.611,348.092,233.637,199.826,323.407,538.084,521.495,620.004,631.263,387.348,288.782,174.454,344.542,169.171,227.862,294.048,314.393,405.431,459.687,383.257,537.429,267.867,367.823,449.265,415.667,273.334,236.813,105.226,-3.313,126.984,304.075,132.478,-64.615,-96.241,121.655,-49.513,-283.437,-641.577,-473.609,-676.528,-667.687,-609.399,-871.478,-770.419,-859.142,-688.939,-789.996,-453.518,-605.146,-911.329,-739.191,-364.179,-366.770,-573.349,-596.344,-457.414,-353.194,-285.642,-155.735,-134.223,1.549,-113.159,-45.820,-209.017,-120.563,-182.016,-241.559,-221.029,50.135,-63.822,-214.786,-258.660,-174.256,-10.318,-244.531,-238.294,-421.317,-343.185,-317.094,-413.490
10.957,256.267,454.094,370.444,395.797,438.954,631.051,457.011,409.292,489.552,577.293,487.878,442.105,626.854,703.905,564.568,619.114,634.638,334.957,245.081,156.462,235.910,-24.730,57.590,-69.736,-90.171,-23.207,36.768,-180.752,18.132,-191.531,-192.119,-100.990,-76.786,-105.792,42.601,48.091,68.289,250.354,389.406,224.077,110.711,-34.803,267.587,226.906,98.985,-212.252,-22.698,-154.955,-222.022,-38.347,-325.418,-329.478,-383.003,-239.878,-416.292,-163.584,-314.358,-597.407,-341.286,51.905,2.562,-137.470,-150.752,-77.420,69.027,96.610,197.077,205.298,258.504,127.168,213.182,99.587,165.809,147.710,171.990,113.559,318.752,146.858,-79.908,-187.921,-236.522,-102.125,-334.577,-422.069,-668.481,-756.781,-714.366,-777.123
-133.643,37.129,132.385,126.324,168.134,220.158,383.463,246.779,179.630,295.850,381.550,345.040,387.528,581.929,532.841,355.759,308.432,315.958,28.786,-60.542,-61.558,-48.719,-325.804,-258.678,-507.025,-546.640,-484.821,-441.792,-729.594,-545.962,-672.005,-714.427,-672.114,-587.269,-512.591,-173.162,1.661,145.824,374.771,422.332,279.792,263.834,68.745,365.157,444.999,443.587,212.606,378.702,327.751,237.605,463.926,170.307,56.223,49.568,113.133,-150.064,11.872,-121.346,-342.309,-22.865,310.431,201.819,184.316,247.529,225.555,385.118,415.531,511.731,451.429,397.478,316.457,442.416,438.329,433.496,493.659,520.320,417.323,517.496,330.032,68.408,-59.827,-202.015,-123.424,-318.302,-495.282,-780.909,-996.155,-950.697,-979.215
-495.739,-450.330,-524.150,-421.022,-363.738,-323.486,-227.842,-290.705,-371.343,-267.693,-181.809,-156.851,33.026,205.835,107.122,-17.800,-172.235,-195.952,-407.642,-516.809,-429.422,-445.069,-649.387,-630.591,-892.919,-914.162,-847.970,-830.547,-1082.111,-964.002,-1024.473,-1036.787,-1077.830,-954.950,-830.162,-399.307,-87.292,126.472,385.488,347.933,253.088,316.654,157.525,354.195,517.618,604.836,469.529,569.963,569.184,512.837,687.226,437.517,250.113,284.608,257.523,-53.008,53.733,-41.968,-199.725,126.773,348.908,202.589,320.391,460.597,344.407,504.496,567.603,687.676,530.405,390.629,407.991,549.983,656.777,557.003,696.380,638.517,527.106,531.996,370.206,143.645,56.680,-117.530,-98.028,-214.881,-441.307,-723.118,-958.370,-914.179,-904.696
-920.761,-984.195,-1211.304,-1000.392,-913.610,-917.612,-894.792,-876.652,-975.313,-935.644,-859.050,-789.765,-468.953,-311.775,-354.626,-381.795,-590.019,-666.995,-770.222,-907.738,-784.758,-797.970,-861.817,-904.429,-1086.959,-1061.030,-995.722,-999.118,-1118.540,-1080.373,-1124.528,-1062.712,-1179.075,-1060.393,-946.420,-583.350,-215.251,-13.984,244.487,180.329,156.106,262.995,203.960,247.878,442.267,543.260,510.316,516.738,511.735,527.076,590.721,447.457,244.043,297.457,200.884,-76.701,20.459,-21.771,-145.446,112.879,225.194,88.079,301.727,453.470,276.286,439.524,530.911,681.584,443.504,274.135,395.083,490.306,648.590,473.541,658.316,479.911,385.415,345.184,230.167,95.380,95.953,-54.048,-77.816,-89.200,-303.176,-531.577,-665.480,-615.995,-562.587
-1202.091,-1307.422,-1593.488,-1319.470,-1181.829,-1252.604,-1275.264,-1196.815,-1328.057,-1377.966,-1326.182,-1250.048,-882.771,-710.482,-617.013,-562.760,-740.508,-873.247,-872.594,-1016.696,-927.870,-926.171,-838.434,-930.505,-986.412,-910.419,-864.634,-878.491,-827.899,-839.297,-925.210,-795.234,-941.702,-869.935,-803.402,-644.653,-311.781,-197.407,21.658,3.184,58.396,167.865,219.514,120.101,293.105,338.093,409.842,316.434,257.678,350.220,307.085,311.488,138.264,183.521,48.354,-114.479,-6.586,10.598,-112.407,13.419,69.553,-7.010,224.295,300.553,115.013,284.300,366.083,526.051,262.431,124.315,310.537,292.134,411.542,224.162,405.508,148.215,79.015,54.138,-23.186,-58.553,31.302,-66.392,-107.107,-14.325,-161.588,-295.381,-256.106,-189.974,-91.690
-1189.697,-1258.367,-1479.502,-1218.060,-1017.371,-1151.059,-1180.796,-1077.305,-1246.697,-1368.054,-1352.114,-1311.268,-1005.583,-794.983,-553.341,-474.441,-551.913,-712.027,-639.575,-740.634,-730.729,-718.312,-534.523,-645.657,-581.687,-477.965,-476.739,-494.769,-316.580,-317.973,-487.920,-334.039,-453.722,-449.828,-433.605,-520.539,-284.913,-291.519,-147.533,-80.347,43.353,118.969,235.135,53.809,168.956,132.839,302.098,129.294,-4.350,138.563,46.173,190.053,58.878,80.393,-70.912,-82.454,16.748,87.762,-43.938,-75.655,2.899,19.284,181.839,133.610,-9.563,153.424,177.420,312.108,91.372,18.797,209.035,49.419,55.338,-62.398,78.908,-158.923,-210.036,-183.943,-256.301,-240.020,-111.923,-164.465,-192.785,-30.824,-94.832,-112.895,82.699,171.721,302.946
-868.052,-849.240,-917.862,-743.724,-493.097,-659.550,-674.765,-577.815,-758.020,-894.063,-912.408,-934.930,-768.057,-531.830,-208.262,-158.254,-117.011,-251.877,-148.704,-153.243,-219.510,-207.851,-28.640,-124.418,16.813,117.278,52.983,28.381,229.168,292.808,29.353,162.702,108.413,57.060,40.808,-216.695,-91.830,-197.883,-149.168,-16.136,150.815,165.111,270.597,86.289,133.353,50.154,289.410,80.071,-112.820,32.396,-37.886,181.886,70.179,73.452,-82.074,23.285,69.994,179.927,66.791,-96.145,67.806,175.588,208.920,61.789,-10.654,116.147,55.182,141.750,13.670,1.142,140.189,-123.757,-250.658,-236.801,-143.272,-263.915,-312.892,-244.698,-347.242,-354.511,-271.522,-309.962,-298.556,-126.136,-140.598,-46.394,208.052,314.593,451.816
-361.769,-252.696,-162.082,-113.719,143.336,-16.477,-28.252,48.386,-74.761,-157.042,-195.582,-283.190,-268.599,-58.312,233.470,240.436,360.206,302.196,401.147,519.280,419.382,420.044,493.054,436.538,604.334,681.847,546.159,507.819,614.715,759.936,429.223,536.031,550.796,483.564,452.137,173.633,214.697,78.099,34.480,159.942,344.521,283.324,316.554,187.270,183.945,126.985,381.759,189.246,-19.759,75.042,66.054,263.940,138.084,144.407,-1.915,128.143,88.000,215.196,172.217,-54.973,209.060,373.220,265.849,110.159,103.791,162.267,30.149,75.115,50.736,64.820,125.567,-151.146,-363.013,-209.805,-147.809,-113.042,-175.930,-110.865,-256.691,-344.877,-381.636,-438.276,-366.979,-245.008,-278.638,-97.116,89.290,198.103,306.398
131.112,291.688,468.941,407.248,608.232,480.655,436.114,499.770,520.264,537.669,497.097,368.471,275.816,395.842,550.275,544.804,669.838,708.101,779.261,1000.837,919.708,902.724,812.941,801.938,959.608,1014.620,824.247,770.140,713.825,904.446,556.480,680.393,738.397,698.698,656.614,500.309,499.738,420.869,310.779,337.691,527.457,395.668,341.643,282.041,266.118,304.334,499.973,371.157,195.480,199.003,234.285,317.025,164.411,192.979,83.533,135.161,12.064,128.869,200.892,-11.137,311.749,479.762,271.699,212.417,237.637,217.316,65.037,102.629,155.923,163.086,152.080,-32.576,-236.034,0.095,48.099,193.347,107.130,119.200,-47.920,-222.456,-404.404,-492.207,-355.435,-323.258,-442.171,-211.584,-183.683,-89.071,-38.712
438.307,596.457,753.123,640.033,727.671,630.426,519.524,590.193,814.619,933.109,901.430,768.429,636.351,627.547,599.423,629.298,695.400,799.586,828.114,1096.061,1064.327,1023.616,785.144,811.514,944.235,988.913,782.615,724.168,517.482,680.197,367.050,574.365,642.664,652.176,595.402,625.265,616.621,666.868,531.244,397.280,597.055,422.718,317.684,301.627,316.023,471.043,534.929,494.530,385.378,281.188,300.193,216.434,64.781,114.629,82.935,-2.997,-162.735,-89.436,104.065,-32.514,273.010,399.095,163.607,261.093,268.392,196.196,86.732,159.392,247.460,238.630,185.683,160.172,60.134,280.125,308.831,463.605,353.772,294.798,156.041,-56.934,-343.103,-449.071,-263.235,-323.432,-551.100,-313.242,-453.653,-382.130,-398.697
489.875,606.249,660.603,562.883,510.601,419.664,242.621,338.190,757.016,935.946,910.482,803.376,681.870,556.372,382.999,472.401,457.878,558.067,534.766,783.355,796.020,722.723,412.994,464.642,574.706,613.777,441.274,402.338,132.620,195.939,-50.303,279.197,341.233,386.359,316.326,493.285,493.404,696.912,579.197,282.879,506.167,336.856,243.074,225.594,301.369,530.223,421.564,464.790,425.590,227.712,167.600,-73.788,-164.270,-118.145,-37.059,-244.247,-375.151,-379.162,-108.630,-148.734,65.732,132.199,-54.475,183.393,127.911,62.337,39.380,173.583,261.620,256.771,197.251,327.796,384.010,489.767,463.594,532.800,406.197,308.399,250.282,68.182,-232.080,-327.995,-132.547,-251.086,-549.614,-341.099,-579.616,-530.708,-596.242
334.169,400.973,337.490,292.300,117.722,8.559,-186.257,-62.497,458.065,639.295,607.136,534.965,436.479,251.227,33.661,157.524,89.175,112.245,35.981,223.499,250.588,134.160,-142.939,-71.971,25.427,41.336,-56.060,-51.818,-268.775,-332.931,-512.671,-90.152,-25.733,13.220,-53.888,164.403,181.566,502.548,435.506,38.634,291.807,180.142,146.646,90.389,234.108,448.228,180.971,278.249,283.911,34.200,-126.699,-464.918,-434.388,-425.270,-228.853,-475.993,-528.602,-632.432,-364.989,-327.811,-242.058,-216.473,-304.185,-5.732,-147.371,-143.680,-74.770,118.115,193.924,223.641,184.131,401.576,602.314,540.792,410.678,363.650,229.330,162.845,211.165,106.213,-112.749,-176.089,-22.572,-143.890,-429.995,-275.673,-504.953,-475.993,-549.867
92.436,130.433,-0.049,-2.605,-243.547,-372.390,-502.328,-364.933,112.569,251.717,201.129,148.409,58.146,-118.598,-264.922,-173.167,-242.600,-329.269,-444.520,-320.178,-307.596,-473.176,-635.406,-542.249,-446.473,-491.010,-500.006,-447.180,-526.384,-682.187,-825.112,-407.508,-318.472,-331.877,-370.934,-212.152,-165.664,187.481,183.354,-216.045,53.978,36.359,69.186,-39.203,151.552,261.754,-92.748,19.007,30.909,-213.429,-437.898,-789.423,-617.982,-660.789,-394.282,-581.334,-546.507,-745.074,-561.382,-490.636,-523.096,-492.138,-472.754,-208.530,-429.533,-324.194,-193.402,30.859,101.794,178.658,172.283,379.801,657.414,443.385,178.905,68.131,-67.888,-32.771,104.836,72.165,-12.115,-43.491,26.299,-43.532,-232.863,-141.610,-276.263,-273.066,-306.360
-114.408,-74.258,-191.022,-194.418,-430.048,-548.105,-533.061,-407.156,-106.040,-20.124,-87.730,-151.461,-247.618,-375.431,-375.135,-386.053,-412.757,-576.493,-697.341,-609.489,-615.960,-824.594,-846.828,-726.479,-621.988,-762.646,-706.930,-630.284,-558.260,-719.644,-866.737,-575.642,-450.076,-540.005,-535.372,-470.212,-375.518,-94.332,-47.299,-356.557,-101.838,-22.587,36.214,-113.407,84.430,46.424,-288.740,-194.516,-207.143,-394.115,-605.963,-899.669,-629.737,-701.797,-447.709,-510.947,-418.705,-667.947,-614.339,-555.961,-661.696,-573.987,-478.646,-306.486,-571.014,-382.333,-234.225,-12.179,65.107,165.361,195.841,320.492,584.804,292.026,-91.467,-163.436,-301.210,-136.115,36.682,26.600,63.490,38.106,15.159,29.390,-26.327,10.194,-8.146,-49.801,-4.313
-222.196,-160.075,-201.177,-247.315,-418.133,-477.006,-279.801,-188.291,-122.111,-69.765,-135.876,-238.888,-332.635,-418.013,-268.231,-412.236,-386.019,-540.835,-620.824,-542.972,-543.038,-772.878,-692.705,-549.472,-426.612,-669.799,-600.717,-550.828,-387.394,-460.089,-639.221,-552.485,-408.186,-563.494,-526.032,-507.236,-351.348,-224.735,-157.856,-324.991,-123.015,19.951,41.723,-125.671,37.063,-128.444,-341.651,-277.851,-320.606,-425.659,-555.317,-757.431,-483.844,-528.688,-371.294,-315.311,-211.352,-432.357,-506.194,-490.504,-619.103,-443.871,-324.417,-241.348,-494.113,-283.475,-153.207,44.970,128.300,198.383,266.488,296.059,474.692,201.625,-236.341,-181.497,-326.643,-66.759,75.697,29.875,118.390,63.127,-18.374,81.109,124.105,128.487,181.666,70.320,205.560
-235.073,-154.340,-108.575,-204.683,-283.179,-246.573,105.524,152.090,27.081,75.912,38.960,-113.200,-175.749,-258.845,-25.164,-269.386,-213.910,-266.326,-264.179,-196.603,-149.811,-366.747,-258.579,-113.750,34.005,-273.845,-244.287,-275.695,-118.630,-48.334,-255.892,-358.561,-243.358,-425.120,-392.498,-331.023,-125.745,-180.425,-132.980,-160.170,-34.333,119.279,54.276,-108.591,-7.282,-230.865,-262.593,-222.873,-271.927,-311.826,-339.192,-458.525,-289.555,-245.058,-227.682,-116.705,-34.479,-137.431,-299.988,-334.483,-455.593,-199.888,-103.972,-62.468,-243.947,-82.593,16.571,187.549,261.706,248.289,354.076,339.891,406.112,234.380,-169.398,29.593,-130.334,138.067,204.118,97.382,151.622,45.102,-28.889,129.542,180.797,181.817,229.621,35.783,236.515
-195.619,-120.209,-26.438,-136.846,-131.043,-2.550,422.277,427.054,231.989,293.852,306.920,122.001,115.896,-2.649,216.803,-43.934,5.055,100.501,199.059,224.444,348.190,180.901,248.450,359.620,529.882,228.828,195.330,53.423,119.075,318.744,119.729,-66.385,-36.727,-201.443,-217.316,-49.288,159.982,-33.394,-37.479,30.500,83.635,201.761,40.695,-103.819,-63.237,-268.922,-123.772,-92.832,-106.853,-136.133,-103.717,-177.718,-187.021,-22.488,-122.464,-37.777,14.271,93.636,-113.241,-185.358,-295.720,-5.119,43.400,93.481,29.628,101.030,173.359,324.142,370.117,256.371,395.011,420.183,397.080,362.353,65.127,341.950,163.215,343.822,326.201,185.898,148.974,2.694,3.979,181.835,144.871,165.428,147.795,-111.723,98.703
-142.067,-102.901,-21.539,-90.906,-32.764,137.336,533.286,505.454,374.630,440.449,503.495,325.038,370.471,215.238,337.437,154.129,176.011,384.184,554.634,496.075,696.978,607.221,607.533,649.944,826.058,602.958,530.644,294.535,234.378,489.598,352.280,224.181,134.957,11.254,-72.072,190.319,337.659,102.071,34.257,137.283,146.142,211.970,-9.817,-129.457,-123.033,-270.688,-10.675,21.923,78.540,-9.369,2.625,-68.018,-262.898,-2.018,-140.080,-130.054,-101.391,167.157,-61.079,-145.958,-255.749,1.809,8.769,82.497,153.782,149.052,201.865,335.262,347.573,172.683,327.653,458.608,401.263,487.529,320.450,563.026,368.934,403.146,331.252,220.821,90.441,-51.100,60.946,223.067,50.860,96.005,4.166,-269.935,-122.015
-84.488,-104.059,-80.920,-74.250,-1.710,134.157,422.165,366.093,379.302,420.450,510.111,387.621,443.323,295.377,287.741,241.568,244.459,461.747,648.949,490.099,736.411,734.711,693.969,650.846,802.584,689.201,643.227,372.330,209.577,425.143,390.344,418.600,223.500,135.407,10.410,276.765,307.595,139.907,20.236,110.289,113.009,143.546,-77.975,-168.070,-156.367,-259.048,26.900,57.942,191.836,-4.468,-83.296,-175.167,-497.273,-211.332,-292.781,-345.324,-340.380,57.699,-196.244,-264.654,-374.885,-214.888,-223.160,-154.290,31.620,11.927,44.008,149.505,146.419,-5.973,134.684,381.980,349.606,504.963,437.425,552.881,355.345,251.068,170.047,147.016,-31.465,-110.690,96.781,225.803,-50.168,0.848,-121.000,-338.839,-319.083
-13.277,-96.898,-141.183,-73.675,-16.702,22.293,172.436,81.791,230.714,217.641,299.684,276.601,288.067,213.804,101.916,195.338,207.362,315.267,459.984,235.259,479.014,555.889,533.982,418.428,511.397,479.204,533.917,304.456,97.012,204.250,275.368,460.103,218.486,141.594,38.841,189.056,92.853,67.843,-74.995,-19.068,6.322,36.416,-127.763,-181.954,-130.983,-237.789,-2.976,11.045,189.256,-116.867,-306.496,-416.953,-773.419,-547.518,-513.430,-566.096,-607.537,-184.545,-477.449,-502.194,-590.910,-565.504,-560.499,-544.169,-300.396,-260.983,-258.593,-201.423,-183.665,-224.380,-135.651,173.138,205.926,368.570,340.216,306.885,123.562,-49.892,-105.693,-30.027,-196.029,-172.216,73.122,174.062,-111.249,-91.920,-175.765,-275.213,-418.634
72.697,-63.968,-150.623,-85.812,-62.090,-135.219,-104.303,-242.543,-37.094,-116.613,-66.238,33.039,-28.139,20.818,-131.252,56.329,101.526,33.470,103.405,-105.115,95.103,224.301,278.004,130.082,140.629,112.507,310.107,177.751,-16.965,-29.828,105.730,351.404,144.302,58.566,47.254,0.989,-176.966,-55.279,-191.548,-166.003,-109.619,-53.131,-130.366,-142.257,-37.688,-194.152,-47.557,-67.911,91.379,-270.537,-531.407,-636.260,-943.085,-835.476,-695.284,-675.261,-801.265,-459.267,-784.893,-746.863,-775.945,-882.265,-850.481,-915.240,-691.778,-547.951,-579.766,-588.006,-515.106,-395.272,-387.140,-112.569,-2.353,118.967,78.787,-45.774,-196.863,-344.021,-367.776,-240.488,-354.374,-227.243,-11.947,83.494,-106.517,-159.314,-153.869,-109.118,-403.334
145.502,-24.078,-114.802,-129.451,-148.006,-292.410,-336.768,-530.240,-363.875,-498.096,-476.276,-260.507,-368.623,-193.553,-316.602,-95.862,-19.500,-236.212,-229.240,-324.986,-185.392,-39.762,110.294,-20.158,-92.490,-202.226,120.101,92.076,-58.479,-149.215,-19.847,155.607,49.214,-40.566,73.040,-162.185,-340.748,-142.939,-257.905,-247.299,-169.479,-86.142,-81.271,-49.513,100.576,-111.395,-44.905,-106.261,-32.681,-362.110,-621.958,-692.734,-907.242,-926.372,-753.090,-622.049,-859.113,-661.217,-977.756,-872.715,-812.788,-1011.499,-961.389,-1092.292,-963.646,-723.435,-776.552,-851.088,-712.814,-451.085,-525.877,-376.393,-198.733,-141.915,-205.667,-323.606,-429.902,-475.035,-485.700,-387.768,-448.446,-262.196,-118.221,0.785,-39.462,-186.616,-84.956,82.386,-301.408
155.535,-24.992,-91.988,-228.248,-294.267,-436.253,-515.721,-754.383,-682.442,-843.201,-818.256,-520.926,-602.447,-345.905,-394.377,-183.844,-108.411,-361.287,-369.321,-287.527,-199.674,-74.644,145.935,69.764,-60.533,-299.181,71.479,104.563,0.446,-103.898,-48.673,-28.194,-11.198,-72.374,140.015,-190.853,-295.537,-134.911,-235.618,-226.816,-142.171,-56.085,0.963,69.079,243.845,19.308,41.846,-49.528,-100.047,-315.317,-513.861,-537.492,-665.055,-777.231,-667.798,-445.122,-778.715,-723.821,-965.270,-809.743,-667.253,-898.864,-854.337,-999.917,-1009.988,-728.446,-771.041,-894.074,-714.171,-389.494,-514.379,-532.124,-306.318,-311.104,-367.729,-400.674,-459.054,-379.078,-404.006,-404.413,-439.381,-264.719,-186.533,-20.807,59.688,-169.703,-9.199,223.871,-156.971
64.651,-106.052,-143.582,-378.328,-493.076,-568.654,-663.885,-916.574,-929.350,-1087.190,-1015.782,-692.856,-668.346,-394.494,-358.013,-169.214,-139.682,-288.088,-256.371,2.023,61.517,135.403,370.656,356.459,207.938,-141.074,176.679,203.142,134.595,62.928,10.120,-108.432,5.180,14.904,249.791,-47.745,-50.969,-29.466,-137.236,-125.682,-40.865,20.539,91.625,182.025,363.587,194.107,209.657,113.629,-49.967,-115.824,-238.878,-229.520,-305.597,-465.847,-488.956,-241.248,-607.065,-642.004,-753.677,-585.581,-412.551,-618.705,-603.595,-709.332,-853.974,-600.938,-596.626,-741.748,-568.108,-281.302,-394.980,-552.617,-296.419,-340.867,-341.338,-273.323,-290.725,-120.354,-174.119,-291.434,-328.573,-232.255,-176.324,44.341,146.502,-116.756,46.339,281.618,-5.035
-119.034,-259.463,-278.197,-529.815,-684.842,-676.780,-786.208,-1010.352,-1052.367,-1188.956,-1042.583,-756.271,-594.195,-348.869,-245.185,-67.721,-114.881,-65.147,34.687,400.318,453.377,457.111,653.284,678.994,548.622,165.780,352.034,319.392,282.563,248.435,101.613,-46.191,106.268,209.517,379.518,212.564,278.868,121.304,-10.871,2.761,92.986,125.151,178.182,277.041,462.104,397.848,423.251,350.748,132.925,188.419,105.802,109.618,47.683,-135.878,-296.430,-101.677,-408.594,-465.615,-442.561,-312.600,-188.939,-330.008,-353.022,-397.956,-626.044,-448.214,-378.765,-526.294,-405.955,-230.709,-264.854,-477.456,-203.806,-257.282,-169.396,-47.782,-38.371,151.496,78.709,-116.565,-158.363,-176.036,-93.132,172.868,180.634,-47.337,77.326,273.177,134.889
-333.094,-422.467,-433.184,-603.119,-773.893,-721.147,-843.948,-1004.583,-1021.238,-1132.373,-917.654,-718.265,-465.881,-253.826,-111.759,64.014,-57.845,185.208,338.702,703.394,760.237,687.585,820.290,848.744,753.581,432.646,467.065,369.001,375.606,348.673,158.237,120.569,253.984,431.503,484.477,468.850,537.498,244.793,92.748,110.438,216.142,249.742,265.187,366.639,565.967,606.535,634.694,603.443,413.474,515.389,416.456,369.240,302.869,90.585,-148.543,-57.263,-232.238,-269.115,-171.002,-125.172,-120.450,-183.821,-233.116,-244.053,-478.304,-378.442,-259.852,-406.072,-359.183,-308.764,-215.415,-378.779,-99.168,-133.633,34.248,137.149,157.202,293.638,231.173,26.761,8.531,-116.742,12.543,299.890,143.095,13.292,96.269,245.372,249.641
-490.765,-511.718,-510.782,-535.477,-681.701,-655.334,-775.233,-862.990,-840.903,-930.839,-690.059,-599.904,-367.943,-159.150,-3.430,162.604,-1.780,332.502,493.159,755.359,814.694,669.463,749.448,749.384,682.441,490.675,415.257,295.792,364.183,308.498,130.728,289.559,371.251,562.156,507.523,589.626,605.269,286.772,146.281,177.196,301.726,390.622,361.849,470.802,695.867,787.954,800.501,810.193,717.531,785.869,630.656,504.434,436.689,177.915,-50.869,-66.122,-95.009,-114.195,-42.269,-101.839,-237.537,-235.792,-286.512,-319.667,-488.744,-433.219,-312.784,-466.337,-474.249,-501.104,-273.398,-310.526,-39.378,-40.328,160.708,197.824,216.165,252.994,231.561,73.210,118.940,-74.042,75.305,353.304,45.187,44.095,118.790,238.904,322.430
-532.731,-479.812,-446.301,-328.823,-405.126,-464.910,-547.995,-585.105,-558.053,-631.481,-420.978,-426.535,-332.549,-91.677,62.471,193.994,27.239,307.077,427.354,529.749,586.483,377.402,432.342,393.358,332.611,278.946,169.099,97.438,233.503,139.441,4.380,342.176,371.324,498.511,398.129,493.914,453.456,234.018,149.727,206.385,340.143,530.378,462.550,590.006,834.642,902.858,888.559,922.678,955.000,949.156,738.558,542.340,485.474,181.575,35.341,-49.474,12.505,-24.262,-68.920,-217.909,-452.988,-414.976,-445.150,-547.449,-614.437,-562.251,-495.986,-664.643,-679.117,-706.174,-382.517,-276.884,-31.352,-5.981,168.575,146.757,159.430,89.005,120.021,18.512,151.421,-56.593,55.499,295.386,-75.510,38.384,152.274,263.626,335.168
-466.284,-354.646,-260.845,-64.396,-38.158,-195.743,-204.763,-234.300,-250.971,-309.044,-166.765,-223.534,-325.835,-43.369,99.088,171.178,23.431,135.962,197.943,140.413,193.476,-69.954,-24.401,-91.227,-165.517,-126.950,-206.403,-175.953,6.764,-96.829,-200.757,205.864,200.426,208.713,138.392,189.051,148.756,112.451,115.700,203.267,328.407,626.997,537.186,690.563,919.948,911.958,877.488,912.731,1048.040,988.976,760.282,543.581,503.030,194.953,153.501,49.622,106.910,17.676,-169.573,-357.801,-607.965,-567.237,-572.154,-748.317,-721.756,-655.044,-677.889,-856.941,-825.260,-790.554,-440.299,-241.187,-35.067,-13.268,94.899,64.813,78.128,-74.531,-10.193,-87.170,119.370,-58.759,-34.872,146.543,-171.106,8.506,193.170,299.018,283.870
-362.447,-229.917,-58.771,131.870,264.563,54.035,138.368,75.210,-1.400,-43.459,35.037,-14.662,-276.902,19.696,137.415,143.088,4.099,-73.841,-48.935,-222.436,-168.200,-475.450,-454.716,-529.777,-619.691,-556.992,-584.408,-444.562,-261.125,-323.251,-439.348,-101.270,-126.536,-240.512,-235.205,-230.610,-187.715,-32.111,52.682,158.623,261.617,625.330,541.999,716.677,873.148,790.779,756.735,774.170,957.208,914.618,714.331,550.710,517.739,277.721,310.383,224.048,194.291,49.579,-219.338,-381.839,-563.102,-547.377,-543.282,-750.948,-673.316,-609.331,-716.242,-889.353,-781.307,-671.232,-368.691,-166.928,-2.794,-27.118,13.767,30.303,59.191,-133.609,-81.127,-177.783,56.148,-65.663,-137.198,-23.625,-204.329,-18.621,232.446,316.564,194.585
-308.420,-206.573,33.741,157.562,367.233,180.480,345.945,232.309,140.035,112.660,173.845,180.093,-129.255,133.184,205.946,160.938,-0.786,-195.748,-166.340,-394.505,-332.806,-666.716,-711.938,-784.503,-870.093,-832.956,-832.221,-628.922,-496.564,-478.448,-653.099,-469.723,-518.896,-702.580,-629.881,-622.676,-440.280,-155.966,-38.319,54.058,136.426,488.948,446.471,624.575,650.658,547.135,532.818,524.709,697.703,749.273,603.833,560.355,517.950,414.863,463.665,405.004,266.104,102.877,-124.678,-209.376,-281.450,-305.150,-319.699,-495.806,-416.368,-393.713,-543.639,-697.858,-520.330,-374.241,-172.884,-58.737,75.096,-30.326,-23.294,58.397,121.378,-68.014,-80.525,-213.994,-5.994,-62.610,-179.389,-133.135,-164.490,-14.157,263.761,306.509,123.701
-344.138,-320.061,-48.117,-3.925,230.230,133.548,340.485,193.151,175.957,159.182,264.622,347.416,117.916,308.682,312.404,242.482,32.484,-154.251,-93.293,-321.135,-250.135,-579.480,-728.954,-807.363,-855.985,-851.392,-864.446,-674.397,-625.837,-530.451,-783.422,-746.267,-841.335,-1011.712,-923.745,-855.592,-545.419,-230.756,-151.766,-113.707,-35.574,232.499,258.862,417.040,285.471,230.319,238.715,208.278,338.837,524.670,429.587,535.945,472.509,532.647,548.751,507.665,310.085,183.917,120.984,130.730,146.445,85.746,30.347,-70.195,-17.598,-66.625,-207.108,-351.925,-144.653,-30.101,52.465,29.664,153.134,-38.384,-21.481,93.919,205.920,54.865,-60.896,-201.493,-49.522,-42.563,-117.346,-130.984,-70.852,37.440,288.131,289.356,135.564
-425.985,-502.611,-257.596,-266.387,-62.315,-47.284,153.944,13.488,157.605,148.657,335.638,481.981,403.712,520.774,436.665,357.146,104.908,34.026,112.357,-77.064,-0.748,-277.846,-532.719,-640.440,-624.774,-622.080,-670.892,-563.918,-597.404,-473.654,-785.473,-807.940,-972.091,-1057.989,-1015.412,-861.212,-505.465,-245.415,-262.851,-309.810,-217.051,-70.034,31.736,153.984,-111.313,-77.491,-63.321,-107.453,-15.756,282.183,215.674,448.096,368.088,558.075,527.361,490.161,326.536,274.479,433.155,512.704,551.091,471.819,372.076,345.670,375.799,258.216,161.274,-13.374,169.795,195.917,177.822,29.880,157.929,-82.861,-29.333,60.325,225.690,134.633,-90.687,-175.449,-71.636,-7.652,39.251,-22.638,37.591,128.003,311.923,303.201,266.319
-446.402,-611.508,-455.560,-482.919,-344.510,-246.823,-82.529,-175.956,154.007,156.932,409.928,584.301,637.817,715.129,539.406,443.334,192.071,272.370,314.730,186.245,263.210,93.654,-213.662,-373.310,-288.361,-248.206,-311.913,-319.331,-402.572,-319.618,-643.373,-624.062,-859.941,-838.732,-872.872,-658.000,-369.622,-201.791,-326.508,-461.894,-349.590,-312.486,-159.059,-71.147,-396.239,-288.148,-294.269,-344.350,-262.410,72.968,21.996,310.544,233.541,478.355,423.550,386.455,336.117,348.675,685.026,782.512,777.712,708.738,580.597,585.900,622.160,476.227,422.514,163.739,276.772,199.113,121.968,-87.029,42.711,-177.776,-91.700,-73.531,135.037,110.269,-194.759,-166.093,-75.385,34.404,230.569,135.142,119.736,225.475,339.437,374.295,494.595
-302.492,-513.009,-491.656,-525.294,-458.306,-333.375,-208.888,-240.876,211.667,238.398,490.265,656.114,751.105,834.527,583.516,449.138,258.783,442.025,389.122,332.921,413.005,393.522,126.099,-88.934,40.923,133.749,110.845,5.544,-85.488,-92.109,-381.690,-272.431,-549.209,-458.068,-553.515,-335.398,-198.859,-110.254,-296.740,-491.233,-376.488,-407.183,-251.043,-177.359,-463.968,-342.088,-386.035,-438.227,-334.352,-50.795,-73.157,183.276,131.108,356.837,319.001,289.632,370.700,392.883,778.866,841.978,769.116,740.101,606.282,591.527,663.252,545.307,507.660,128.007,146.858,-1.883,-89.925,-276.785,-169.363,-297.414,-207.376,-260.264,-31.768,-0.485,-328.774,-173.312,-62.575,74.543,375.858,264.632,147.853,284.643,364.741,489.821,738.738
27.618,-173.039,-298.974,-355.221,-339.272,-230.777,-126.691,-120.432,328.307,391.991,557.410,696.926,734.193,849.379,557.782,371.556,283.219,471.956,303.934,320.055,416.343,552.854,415.113,169.648,297.135,418.098,492.228,337.974,265.881,171.583,-64.834,100.108,-157.901,-73.374,-179.810,-8.214,-35.880,12.178,-156.408,-358.506,-272.673,-330.166,-225.664,-137.767,-302.674,-233.703,-312.983,-366.047,-226.631,-54.525,-14.991,138.221,118.034,291.842,305.625,293.794,450.861,413.947,697.078,698.644,588.657,618.667,490.945,431.931,546.300,496.558,446.529,-40.726,-116.126,-275.272,-333.964,-437.666,-386.829,-386.315,-325.277,-401.567,-182.508,-120.693,-407.865,-170.217,-35.843,103.462,410.881,303.821,113.902,264.718,368.277,591.874,886.546
451.566,303.867,57.651,-45.611,-48.534,38.660,144.172,137.078,456.513,559.974,584.278,704.946,641.539,775.617,489.155,267.739,274.833,378.764,143.172,215.684,346.271,594.310,626.326,397.794,469.514,565.483,754.795,604.353,548.939,419.802,221.071,351.803,180.053,183.431,119.925,235.756,105.885,143.070,62.773,-95.084,-63.564,-133.311,-114.591,7.781,-1.551,-14.311,-110.299,-162.100,1.795,58.592,187.243,209.796,203.903,344.918,423.188,430.221,564.364,429.857,503.788,453.050,371.432,459.877,328.876,245.873,380.309,400.179,333.981,-187.020,-339.700,-454.861,-460.370,-471.409,-500.549,-397.663,-383.241,-419.008,-234.539,-176.767,-370.609,-132.769,-7.489,109.916,314.100,230.020,26.147,146.893,321.867,599.865,845.012
